0 0.87522656 0.20511806 0.02406250 0.05693056
0 0.92582422 0.36028472 0.03271094 0.05020833
1 0.08366406 0.68727083 0.02940625 0.06093056
1 0.86221094 0.55420139 0.02670313 0.05926389
0 0.09101953 0.73450694 0.02850781 0.05393056
0 0.87631250 0.58220833 0.02731250 0.07261111
0 0.63685547 0.63261806 0.03750781 0.03473611
0 0.52416016 0.56086806 0.03303906 0.06726389
0 0.49911719 0.58620139 0.03031250 0.07206944
0 0.47736328 0.55846528 0.03180469 0.06459722
0 0.29476953 0.60220833 0.03330469 0.06352778
0 0.31592578 0.62835417 0.02700781 0.06673611
0 0.00957422 0.92388889 0.01914844 0.04752778
0 0.87586328 0.36135417 0.03000781 0.07368056
0 0.90010156 0.56784028 0.03221875 0.07026389
0 0.86588281 0.21199306 0.02340625 0.06381944
0 0.89380469 0.22287500 0.02728125 0.05808333
0 0.07058203 0.40477778 0.02685156 0.04658333
0 0.71430469 0.85613889 0.03535938 0.07555556
0 0.87665234 0.31335417 0.03638281 0.06465278
0 0.50843359 0.20676389 0.03046094 0.05713889
0 0.90165234 0.37095139 0.03483594 0.06406944
