2 0.27154688 0.12554167 0.04400000 0.09025000
0 0.77257031 0.89830556 0.07639062 0.12500000
0 0.93171484 0.44845139 0.02761719 0.05431944
0 0.85086719 0.58550694 0.05107812 0.09973611
0 0.77844531 0.53378472 0.05776563 0.12726389
0 0.40151953 0.66350694 0.04535156 0.09798611
0 0.61117578 0.69111111 0.05302344 0.10977778
0 0.43779687 0.48583333 0.05651562 0.10108333
0 0.46797656 0.41451389 0.05476562 0.13333333
0 0.26150781 0.05638889 0.05526563 0.11277778
0 0.82951562 0.61006944 0.05442187 0.09675000
0 0.23051172 0.48927778 0.07083594 0.16700000
0 0.43867187 0.58815972 0.05685937 0.10481944
0 0.42577344 0.66474306 0.04642188 0.09301389
