0 0.73755859 0.54536806 0.03277344 0.07240278
0 0.87132813 0.63658333 0.03096875 0.06919444
0 0.71415234 0.39395833 0.02844531 0.06408333
0 0.69992969 0.18847222 0.02592187 0.05638889
0 0.24009766 0.73677083 0.03457031 0.07368056
0 0.11622266 0.94161806 0.02664844 0.04934722
0 0.07355078 0.75661806 0.03421094 0.05959722
0 0.22641016 0.36740278 0.03024219 0.05319444
0 0.69434766 0.54311806 0.03205469 0.06406944
0 0.67112109 0.75597222 0.02160156 0.03911111
0 0.49576172 0.59049306 0.03528906 0.06406944
0 0.52042188 0.61641667 0.03060938 0.07111111
0 0.10830078 0.76653472 0.02952344 0.07048611
0 0.08399609 0.92977083 0.03349219 0.06151389
0 0.26573047 0.33313194 0.03432031 0.05837500
0 0.68021875 0.79285417 0.03628125 0.07259722
0 0.12637891 0.77287500 0.02344531 0.05822222
0 0.09317188 0.77383333 0.02398438 0.06333333
0 0.68390625 0.80975000 0.01692187 0.03911111
0 0.20894531 0.36931944 0.02556250 0.05063889
0 0.71792969 0.57320833 0.03168750 0.07433333
0 0.84396484 0.61450000 0.03600781 0.05447222
1 0.23163281 0.68268056 0.03204687 0.06663889
1 0.24648438 0.94963889 0.03093750 0.07294444
