1 0.76145312 0.84970139 0.06326563 0.12168056
0 0.75451172 0.34980556 0.06482031 0.12213889
0 0.78294922 0.09509028 0.04730469 0.07365278
0 0.12217969 0.09384722 0.03412500 0.07391667
0 0.79124219 0.34596528 0.05790625 0.11754167
0 0.06954687 0.41490972 0.06585937 0.10518056
0 0.05217578 0.49326389 0.05496094 0.11255556
0 0.01675391 0.50575694 0.03350781 0.12445833
0 0.70792969 0.38429861 0.04882812 0.09679167
0 0.84089063 0.86482639 0.06118750 0.11154167
0 0.80034375 0.93677083 0.05185938 0.11901389
0 0.70311328 0.73811111 0.05444531 0.11808333
0 0.76093359 0.92894444 0.03733594 0.09227778
0 0.73578516 0.91745833 0.03682031 0.07836111
0 0.32337500 0.04890972 0.04131250 0.07709722
0 0.81158594 0.71946528 0.05728125 0.08612500
0 0.32016797 0.14038194 0.03644531 0.10037500
0 0.28539453 0.10456944 0.03875781 0.09169444
