0 0.88627734 0.34164583 0.02911719 0.05420833
0 0.85855078 0.34371528 0.02680469 0.04631944
0 0.93009375 0.84570833 0.03375000 0.06219444
0 0.95669531 0.81852083 0.03435938 0.06268056
0 0.92299219 0.55290278 0.03185937 0.06494444
0 0.77327344 0.53670139 0.03807813 0.09073611
0 0.77886719 0.34312500 0.03132813 0.06458333
0 0.94335938 0.58552778 0.03906250 0.07672222
0 0.89025781 0.17570833 0.01981250 0.03025000
0 0.90735938 0.18311806 0.02242188 0.04137500
0 0.90269531 0.78522917 0.03368750 0.07937500
0 0.92109766 0.80575694 0.03405469 0.08523611
0 0.75632812 0.14688194 0.01959375 0.03593056
0 0.65561719 0.77761111 0.03084375 0.07041667
0 0.02737891 0.51850694 0.01771094 0.03643056
0 0.37010156 0.13359028 0.03303125 0.06187500
0 0.30078516 0.28082639 0.03183594 0.05120833
0 0.33454688 0.27256250 0.02793750 0.06134722
1 0.32291406 0.94659722 0.04101562 0.08111111
1 0.28549609 0.97143056 0.04200781 0.05713889
1 0.87853125 0.96938194 0.02603125 0.06123611
0 0.31975391 0.71976389 0.04372656 0.09027778
0 0.35360156 0.17193750 0.03170312 0.07148611
0 0.28969922 0.23975000 0.03480469 0.05547222
0 0.37485547 0.18133333 0.02786719 0.06736111
0 0.27588672 0.27550694 0.02989844 0.05865278
