0 0.47800000 0.67536111 0.03400000 0.06086111
0 0.13858984 0.35838194 0.02774219 0.06020833
0 0.11856250 0.36744444 0.03264062 0.05802778
0 0.32394922 0.11684722 0.03300781 0.05383333
1 0.46518750 0.90026389 0.04104688 0.08455556
0 0.69615625 0.73613194 0.03128125 0.06801389
1 0.42107813 0.85513194 0.04068750 0.07495833
1 0.43260156 0.91114583 0.03707813 0.08456944
0 0.45150391 0.60195139 0.03816406 0.07559722
0 0.48319141 0.61571528 0.03816406 0.07240278
0 0.44880469 0.67684722 0.03204687 0.08072222
0 0.64973047 0.78023611 0.04141406 0.06472222
0 0.66341016 0.60160417 0.03853906 0.06595833
0 0.69960547 0.58497917 0.03961719 0.07240278
0 0.22078906 0.83857639 0.03278125 0.07562500
0 0.10951953 0.71254167 0.03375781 0.06094444
0 0.15128516 0.23309722 0.02625781 0.05338889
0 0.16953516 0.21534028 0.02725781 0.05601389
0 0.49885937 0.13929167 0.02528125 0.06227778
0 0.51748437 0.12773611 0.02303125 0.04361111
0 0.33320312 0.05218750 0.02850000 0.05156944
0 0.43976953 0.57320139 0.03711719 0.07106944
0 0.68683594 0.62314583 0.03325000 0.05640278
0 0.68851172 0.79727778 0.03505469 0.07383333
0 0.43151953 0.64193750 0.03247656 0.06740278
