0 0.60260937 0.57343750 0.06315625 0.13751389
0 0.18004687 0.75772222 0.04523438 0.10758333
0 0.58441406 0.26263194 0.03712500 0.06962500
0 0.23115234 0.35192361 0.04650781 0.09573611
0 0.24467188 0.86582639 0.03701562 0.06684722
0 0.55879297 0.57996528 0.05336719 0.13143056
0 0.25548437 0.89287500 0.03231250 0.06372222
1 0.21059766 0.75772222 0.04524219 0.10966667
0 0.27154297 0.21831944 0.03232031 0.07747222
0 0.29161719 0.26357639 0.02742187 0.06354167
0 0.26964453 0.77913194 0.03289844 0.06684722
0 0.25122656 0.26745833 0.04651562 0.09391667
