0 0.96775000 0.82755556 0.05581250 0.12355556
0 0.87340625 0.90084722 0.05581250 0.11011111
0 0.88296484 0.57361806 0.04125781 0.11473611
0 0.52292578 0.13593750 0.03575781 0.07823611
0 0.12259766 0.43253472 0.03877344 0.08604167
0 0.54638672 0.39915278 0.04158594 0.11352778
0 0.09029297 0.44927778 0.04321094 0.08855556
0 0.55135156 0.11879861 0.03810937 0.07095833
0 0.04677734 0.62986111 0.03421094 0.09869444
0 0.14580469 0.47675000 0.03540625 0.08588889
0 0.51684766 0.42847222 0.04771094 0.10455556
0 0.93768750 0.72293750 0.05328125 0.10062500
0 0.91413281 0.55030556 0.04132812 0.09325000
1 0.07693750 0.59572222 0.04651563 0.10936111
0 0.51962500 0.82551389 0.05467188 0.10230556
1 0.10320703 0.56859722 0.04003906 0.09597222
