0 0.03855469 0.70354167 0.03289063 0.05402778
1 0.97168359 0.91700000 0.03875781 0.07252778
0 0.09897656 0.39572917 0.03264063 0.06818056
0 0.02824219 0.78340278 0.04257813 0.08236111
0 0.10540234 0.34840972 0.03705469 0.07434722
0 0.05691797 0.38186806 0.04532031 0.08576389
0 0.06137500 0.31606944 0.03943750 0.07977778
0 0.05961719 0.64142361 0.06006250 0.09626389
0 0.48009375 0.21127778 0.05668750 0.11430556
0 0.92746094 0.88650000 0.04226563 0.08041667
0 0.44413672 0.17668056 0.05414844 0.11430556
0 0.93863672 0.08166667 0.03100781 0.06527778
0 0.92353906 0.09645833 0.03476563 0.06963889
0 0.75353906 0.74609722 0.04014062 0.08647222
0 0.65992969 0.31551389 0.02896875 0.05875000
0 0.33920312 0.46290278 0.04112500 0.06788889
0 0.36716797 0.62826389 0.03127344 0.07072222
0 0.41621484 0.17818056 0.06091406 0.13536111
0 0.35657031 0.20675694 0.05160937 0.08723611
0 0.34234375 0.28819444 0.03875000 0.06888889
0 0.02019531 0.84444444 0.04039062 0.07444444
0 0.39423828 0.47748611 0.05585156 0.11719444
0 0.72562500 0.37451389 0.03156250 0.06402778
0 0.91625000 0.13909722 0.03890625 0.08125000
0 0.45894141 0.21503472 0.04991406 0.08873611
0 0.38449219 0.14885417 0.05329687 0.09776389
