0 0.80657813 0.88625694 0.01718750 0.04470833
1 0.22351563 0.97645833 0.02640625 0.04708333
0 0.50937500 0.15981250 0.02892187 0.05676389
0 0.48294141 0.17481944 0.02525781 0.05141667
0 0.48359766 0.17342361 0.02657031 0.05001389
0 0.49295312 0.14550694 0.02042187 0.03559722
0 0.05005859 0.22577083 0.02488281 0.04640278
0 0.29526953 0.31994444 0.03402344 0.06805556
0 0.94449219 0.87677778 0.03164062 0.04847222
0 0.49191406 0.47500000 0.02710938 0.07222222
0 0.08242188 0.09305556 0.01796875 0.03888889
0 0.55726562 0.82270833 0.03328125 0.06486111
0 0.09921875 0.10347222 0.01875000 0.04305556
