0 0.75854297 0.30927778 0.04749219 0.11227778
0 0.32929297 0.09798611 0.02814844 0.05150000
0 0.27831641 0.97036806 0.04907031 0.05926389
0 0.73601562 0.16615278 0.05753125 0.12483333
0 0.08738281 0.95250000 0.04851563 0.06916667
0 0.32007813 0.05520833 0.03109375 0.06791667
0 0.74548828 0.23307639 0.06260156 0.11581944
0 0.81892578 0.50305556 0.05075781 0.11130556
0 0.29957031 0.40250000 0.02820313 0.06194444
0 0.87091016 0.62043750 0.03622656 0.08529167
0 0.30708203 0.96736111 0.04399219 0.06527778
0 0.78762109 0.56321528 0.06767969 0.15340278
0 0.34895703 0.92722222 0.05836719 0.10833333
0 0.32281250 0.36423611 0.04359375 0.08819444
0 0.84218750 0.65120139 0.04653125 0.11881944
0 0.74870313 0.48952083 0.07445312 0.18048611
