0 0.42380469 0.25800000 0.04364063 0.09372222
0 0.46632031 0.56893750 0.04548438 0.07865278
0 0.42715234 0.61209028 0.06533594 0.12290278
0 0.40938672 0.55627083 0.05482031 0.11726389
0 0.47690234 0.62535417 0.04797656 0.11626389
0 0.47630859 0.81563194 0.05911719 0.11626389
0 0.49748437 0.48003472 0.06279688 0.10418056
0 0.45664844 0.27183333 0.04018750 0.10447222
0 0.44735938 0.17272917 0.05271875 0.11062500
1 0.96167578 0.90025694 0.06533594 0.15498611
1 0.98130469 0.52413889 0.03739062 0.12400000
0 0.66201562 0.34336806 0.02340625 0.05918056
0 0.06242969 0.51581250 0.02525000 0.06465278
0 0.08868359 0.52856944 0.03630469 0.09319444
0 0.13327734 0.49952778 0.03941406 0.10150000
0 0.29632422 0.60588194 0.03110156 0.06301389
0 0.69364453 0.81454167 0.03664844 0.05802778
0 0.30140234 0.52320833 0.02525781 0.05752778
0 0.27538281 0.52731250 0.02617188 0.05809722
0 0.24705078 0.48679861 0.02678906 0.04384722
0 0.17242969 0.49308333 0.04407812 0.10150000
0 0.51828125 0.57226389 0.07100000 0.11847222
0 0.97238672 0.21687500 0.05522656 0.09544444
0 0.92247266 0.51645139 0.05663281 0.12390278
0 0.92407031 0.20663194 0.05293750 0.11337500
0 0.20270703 0.06990278 0.03541406 0.07725000
0 0.46908203 0.08687500 0.05019531 0.08491667
0 0.28585156 0.50295139 0.02679688 0.04659722
0 0.92309375 0.58663889 0.06035937 0.12733333
0 0.48032422 0.71994444 0.05607031 0.11958333
0 0.87761719 0.24952778 0.06806250 0.11977778
