0 0.92068359 0.32247222 0.03100781 0.07688889
0 0.89807812 0.65996528 0.04365625 0.08776389
0 0.91945703 0.69130556 0.03508594 0.07616667
0 0.89298047 0.60629861 0.04324219 0.06745833
1 0.06368359 0.58794444 0.02652344 0.05222222
0 0.54230469 0.70458333 0.05273438 0.13166667
0 0.25124219 0.12554167 0.05076562 0.09025000
0 0.48939844 0.36618056 0.06345312 0.12333333
0 0.52112500 0.34212500 0.05414063 0.11430556
0 0.51002734 0.40869444 0.04041406 0.07900000
0 0.86799609 0.26993056 0.03722656 0.08422222
0 0.51055078 0.23458333 0.04822656 0.11580556
0 0.87625000 0.58706944 0.04814063 0.11025000
0 0.93316797 0.64147222 0.04283594 0.08269444
0 0.53296875 0.85500000 0.04781250 0.10722222
0 0.49362891 0.72715972 0.07699219 0.15040278
0 0.87914844 0.32240278 0.03304687 0.07325000
