0 0.11006641 0.83144444 0.02521094 0.06663889
0 0.22601172 0.95819444 0.03528906 0.06791667
1 0.22763672 0.90538889 0.03060156 0.08136111
0 0.89854297 0.74831250 0.03000781 0.04979167
0 0.81476953 0.66228472 0.02450781 0.05379167
0 0.15399609 0.43678472 0.02880469 0.05959722
0 0.21594141 0.47871528 0.02735156 0.06023611
0 0.37347266 0.61827778 0.03349219 0.07944444
0 0.34862500 0.61283333 0.03781250 0.06600000
0 0.09566016 0.49216667 0.01944531 0.04102778
0 0.09656250 0.64484028 0.02484375 0.04806944
0 0.90145313 0.35608333 0.03259375 0.06433333
0 0.94591406 0.75031250 0.02978125 0.08134722
0 0.75427734 0.25731250 0.02463281 0.05201389
0 0.19805078 0.09890972 0.02722656 0.05565278
0 0.69117187 0.44677778 0.03823437 0.07344444
0 0.92704687 0.76031250 0.03700000 0.07379167
