0 0.08161719 0.44665278 0.06514062 0.13836111
0 0.98122266 0.86112500 0.03755469 0.10444444
0 0.21824609 0.03645139 0.03891406 0.07290278
0 0.19582813 0.03419444 0.04484375 0.06838889
0 0.70342578 0.39475000 0.03810156 0.07216667
0 0.15141406 0.04056250 0.04737500 0.07370833
0 0.08480859 0.26932639 0.07285156 0.14518056
0 0.12306641 0.48425694 0.05499219 0.10679167
0 0.13920313 0.42372917 0.05728125 0.11837500
0 0.79777344 0.38875000 0.03553125 0.06316667
0 0.14506641 0.34212500 0.08036719 0.17747222
0 0.98651953 0.77806250 0.02696094 0.10009722
0 0.10301953 0.53930556 0.04567969 0.09325000
0 0.81638672 0.45567361 0.04738281 0.07970833
0 0.07636719 0.50846528 0.04653125 0.10679167
0 0.44730859 0.42860417 0.04935156 0.08356944
0 0.48390234 0.51358333 0.04907031 0.07822222
0 0.45289063 0.50923611 0.05170312 0.08563889
0 0.82950000 0.38347917 0.04992188 0.08873611
