0 0.86807422 0.29639583 0.04703906 0.09295833
0 0.05657031 0.93859028 0.05101563 0.11948611
0 0.79623438 0.87697222 0.04271875 0.11747222
0 0.89904297 0.50425000 0.04375781 0.07336111
0 0.87653906 0.56626389 0.06376562 0.11647222
0 0.82927344 0.57470833 0.05076563 0.13425000
0 0.79419141 0.29639583 0.04075781 0.08673611
0 0.82932422 0.30039583 0.04500781 0.10984722
0 0.83904687 0.85955556 0.05587500 0.14636111
0 0.29474609 0.13094444 0.06488281 0.09325000
0 0.79014453 0.52729861 0.06349219 0.11548611
0 0.87280078 0.89645139 0.05217969 0.13365278
0 0.83156250 0.93115972 0.04489063 0.09537500
0 0.86313281 0.23276389 0.05546875 0.08563889
