1 0.57065625 0.97210417 0.03384375 0.05579167
0 0.80485938 0.68195833 0.03384375 0.07947222
0 0.55352344 0.33369444 0.02881250 0.06827778
0 0.06761328 0.29499306 0.02550781 0.04401389
0 0.08535156 0.28786111 0.02053125 0.03961111
0 0.04876172 0.45263889 0.03325781 0.05425000
0 0.60351953 0.52977083 0.02722656 0.06068056
0 0.76790234 0.64222917 0.04080469 0.07481944
0 0.04953906 0.67891667 0.03207812 0.06272222
0 0.02355469 0.72302083 0.02929688 0.06273611
0 0.20006641 0.75219444 0.02613281 0.06205556
0 0.05482813 0.49661806 0.02881250 0.06209722
0 0.06883984 0.52993750 0.01944531 0.05959722
0 0.20548828 0.62435417 0.02844531 0.05768056
0 0.18334375 0.62211806 0.02448438 0.05704167
0 0.44548828 0.53729861 0.02016406 0.04743056
0 0.54667188 0.48479861 0.03168750 0.06920833
0 0.58250391 0.32380556 0.02267969 0.04038889
0 0.77371094 0.67909028 0.03781250 0.06856944
0 0.08467969 0.51680556 0.02735938 0.05255556
