0 0.16708984 0.30957639 0.03992969 0.07651389
0 0.39591797 0.65411111 0.04941406 0.11205556
0 0.07501953 0.79540278 0.04983594 0.11338889
0 0.16758203 0.54235417 0.04205469 0.08481944
0 0.14476563 0.56355556 0.04931250 0.11247222
0 0.10823437 0.52714583 0.05289062 0.11154167
0 0.08772656 0.46952778 0.05760937 0.09033333
0 0.40073047 0.58513889 0.05653906 0.07425000
0 0.44788281 0.54097222 0.05289062 0.09127778
0 0.15565234 0.25104861 0.05035156 0.09587500
0 0.19947266 0.30681250 0.04153906 0.09126389
0 0.62595312 0.07795833 0.05600000 0.10766667
0 0.66661328 0.11851389 0.05383594 0.11416667
0 0.74202734 0.03270833 0.06428906 0.06541667
0 0.70734766 0.06540972 0.05152344 0.10884722
0 0.66963281 0.03204167 0.05376562 0.06408333
