0 0.39281641 0.40457639 0.05825781 0.12359722
0 0.43567578 0.03945833 0.03891406 0.07891667
0 0.40648828 0.81736806 0.05667969 0.12026389
0 0.72402734 0.35656944 0.03753906 0.07833333
0 0.01775391 0.31655556 0.03550781 0.09930556
0 0.66225781 0.92675000 0.03753125 0.08486111
0 0.66266797 0.79981250 0.03100781 0.06745833
0 0.09176953 0.38574306 0.03807031 0.07520833
0 0.06892187 0.36693750 0.04145313 0.07970833
0 0.49859375 0.11222222 0.02703125 0.05361111
0 0.69286719 0.92268056 0.05076563 0.11130556
0 0.73251172 0.32625000 0.05303906 0.11533333
0 0.76658203 0.31645139 0.03957031 0.09429167
0 0.70354688 0.34474306 0.04160937 0.09573611
0 0.71832812 0.83263194 0.06525000 0.10248611
0 0.70471094 0.67827778 0.04737500 0.10377778
0 0.63916406 0.81823611 0.03264062 0.07036111
0 0.65144922 0.85820139 0.03060156 0.05076389
0 0.02921094 0.90752778 0.05181250 0.11750000
0 0.42694141 0.41587500 0.04308594 0.10097222
0 0.40987500 0.03944444 0.04653125 0.07888889
0 0.06765625 0.33309722 0.04737500 0.09625000
0 0.03719922 0.32784028 0.04230469 0.11881944
0 0.36545703 0.78806944 0.06599219 0.15191667
0 0.41791016 0.89861806 0.05414844 0.12331944
0 0.43159766 0.96327778 0.04861719 0.07344444
0 0.04427344 0.82522917 0.05793750 0.12548611
0 0.42219141 0.60984722 0.02733594 0.05730556
0 0.43830859 0.62072917 0.02366406 0.05148611
