0 0.36269531 0.46673611 0.02242188 0.05291667
0 0.35058594 0.44250000 0.02632813 0.06000000
0 0.79570312 0.60680556 0.03828125 0.07555556
0 0.32464844 0.95902778 0.02898438 0.06527778
0 0.01449219 0.57583333 0.02742188 0.05666667
0 0.75781250 0.63611111 0.01875000 0.04444444
0 0.77882812 0.63263889 0.03281250 0.08000000
0 0.54277344 0.30416667 0.02695313 0.05833333
0 0.51214844 0.31666667 0.02929688 0.06111111
0 0.50742188 0.49111111 0.02734375 0.07194444
0 0.52367188 0.97402778 0.03281250 0.05194444
0 0.32820313 0.75965278 0.03421875 0.06930556
0 0.35007813 0.95138889 0.03125000 0.06666667
0 0.82232031 0.20271528 0.03351563 0.05540278
0 0.52047266 0.71550694 0.03557031 0.07559722
0 0.52777734 0.34120139 0.02430469 0.05629167
