0 0.84103516 0.65401389 0.02796094 0.05930556
0 0.66123047 0.86847222 0.04185156 0.08736111
0 0.12282422 0.78170139 0.03000781 0.07148611
0 0.64594141 0.17800694 0.02414844 0.04695833
0 0.81151562 0.61759722 0.03525000 0.07288889
0 0.84901953 0.69801389 0.03421094 0.06641667
0 0.81559375 0.67763889 0.03403125 0.07319444
0 0.60513281 0.58635417 0.03648437 0.07443056
0 0.62068359 0.89131944 0.04167969 0.08366667
0 0.81176562 0.89204167 0.03278125 0.07644444
0 0.59546094 0.85519444 0.03340625 0.07313889
0 0.62648828 0.16756250 0.02722656 0.05829167
0 0.19453125 0.23245139 0.02876563 0.05718056
0 0.17458203 0.58493056 0.02846094 0.06158333
0 0.18416797 0.53488889 0.03402344 0.06927778
0 0.16128516 0.55248611 0.03711719 0.07369444
0 0.83836719 0.89093750 0.03093750 0.06323611
0 0.57591797 0.61077083 0.03557031 0.05609722
0 0.55070312 0.61682639 0.03031250 0.06379167
