1 0.72153906 0.65741667 0.03721875 0.07150000
0 0.71200391 0.25713889 0.01363281 0.03433333
0 0.69523437 0.66648611 0.02260938 0.03994444
0 0.71195703 0.68979861 0.02905469 0.05587500
0 0.67670313 0.69985417 0.03581250 0.07540278
0 0.45361719 0.58677778 0.02434375 0.04358333
0 0.01136719 0.89813194 0.02273438 0.06231944
0 0.04147656 0.76309028 0.03048437 0.06484722
0 0.72523437 0.38805556 0.01687500 0.04000000
0 0.02850781 0.20194444 0.02109375 0.05277778
0 0.70493359 0.87372222 0.03427344 0.07833333
0 0.84992188 0.84359722 0.03321875 0.07011111
