1 0.27544141 0.70576389 0.03069531 0.05650000
1 0.27476563 0.75279861 0.02445313 0.05601389
0 0.26446875 0.39289583 0.01845313 0.04443056
0 0.39567969 0.46454861 0.02795313 0.06131944
0 0.42322266 0.31426389 0.01736719 0.03961111
0 0.42171484 0.49156250 0.03069531 0.06229167
0 0.63312500 0.69767361 0.02728125 0.05154167
0 0.06214062 0.69503472 0.02018750 0.04429167
0 0.14196484 0.86843750 0.01739844 0.04009722
0 0.07151562 0.54004861 0.02876563 0.05504167
0 0.25305469 0.77957639 0.03096875 0.06420833
0 0.99009375 0.47577083 0.01981250 0.05387500
0 0.43163281 0.33211111 0.01845313 0.03575000
0 0.23828125 0.75786806 0.02957813 0.05745833
0 0.42958594 0.45465278 0.01875000 0.03286111
0 0.10664844 0.57477778 0.02526563 0.05022222
0 0.08616016 0.56826389 0.02716406 0.05552778
0 0.03678125 0.11766667 0.01845312 0.04394444
0 0.12700391 0.14781250 0.01983594 0.04056944
0 0.08834375 0.41967361 0.02496875 0.05262500
0 0.10583594 0.43607639 0.02471875 0.05070833
0 0.27857813 0.38662500 0.02062500 0.03575000
0 0.44451172 0.32366667 0.01658594 0.03622222
