0 0.54988672 0.11933333 0.06697656 0.13369444
0 0.57339063 0.32770833 0.06932812 0.17861111
0 0.49348828 0.45200694 0.05169531 0.13473611
0 0.54811719 0.82393750 0.08617187 0.19234722
0 0.53465234 0.92568056 0.08078906 0.14863889
0 0.14105469 0.37479167 0.09804688 0.16236111
0 0.42634375 0.32845833 0.05571875 0.11483333
0 0.49536328 0.18731944 0.06116406 0.12391667
0 0.48740625 0.87746528 0.07931250 0.16015278
0 0.42360547 0.20304167 0.05916406 0.11544444
0 0.39538672 0.28403472 0.06527344 0.12512500
0 0.14875000 0.49553472 0.09250000 0.18651389
