0 0.38167187 0.84890972 0.03012500 0.06229167
0 0.53798437 0.50926389 0.02957812 0.06422222
0 0.56485156 0.53580556 0.02957813 0.06711111
0 0.40582813 0.43086806 0.01981250 0.04056944
0 0.38954297 0.43665972 0.01980469 0.04829167
0 0.47326172 0.66943750 0.01899219 0.04201389
0 0.47557031 0.77243750 0.02089063 0.04731944
0 0.38886328 0.81272222 0.01519531 0.03141667
0 0.37014063 0.82815972 0.02931250 0.06131944
0 0.23933594 0.94732639 0.02117187 0.05745833
0 0.18319141 0.63663889 0.02810156 0.05025000
0 0.16227734 0.63227778 0.02885156 0.06030556
0 0.14325000 0.60162500 0.03146875 0.05797222
0 0.16445313 0.46844444 0.02487500 0.04891667
0 0.20135156 0.17666667 0.01940625 0.03786111
0 0.21294141 0.15991667 0.01621094 0.03986111
0 0.18401172 0.16896528 0.01677344 0.04054167
0 0.08978516 0.13663889 0.02053906 0.04288889
0 0.57842187 0.36597917 0.01654688 0.03623611
0 0.56458203 0.37393750 0.01600781 0.03670833
0 0.55589844 0.35584722 0.01546875 0.03816667
0 0.35037500 0.84499306 0.02103125 0.04165278
0 0.18215625 0.48738194 0.02264063 0.05595833
1 0.40162109 0.76834028 0.02985156 0.05070833
1 0.40080859 0.81681944 0.02550781 0.05794444
