0 0.91912500 0.38794444 0.05006250 0.09394444
0 0.90481250 0.47690278 0.04234375 0.10002778
0 0.61749609 0.04078472 0.04491406 0.08156944
0 0.07898437 0.52803472 0.04832812 0.09662500
0 0.11192187 0.54666667 0.03421875 0.09205556
0 0.59460156 0.93154167 0.03695312 0.08763889
0 0.19146875 0.34467361 0.03978125 0.06551389
0 0.36353516 0.93797917 0.05400781 0.12326389
0 0.34401172 0.44750694 0.05802344 0.12976389
0 0.67305469 0.26863194 0.04020313 0.07531944
0 0.65305859 0.27281944 0.04897656 0.12169444
0 0.70064062 0.30722917 0.05046875 0.10762500
0 0.04289063 0.67611806 0.04468750 0.10790278
0 0.03072656 0.92822917 0.04684375 0.11612500
1 0.35039844 0.85513889 0.06467187 0.13966667
1 0.98028516 0.94109028 0.03942969 0.11781944
