0 0.79136719 0.51231944 0.02400000 0.04672222
0 0.29476953 0.21481250 0.02691406 0.05034722
0 0.27753906 0.54478472 0.03421875 0.08970833
0 0.26944922 0.22016667 0.03297656 0.06194444
0 0.24735937 0.44024306 0.04479688 0.07090278
0 0.25832031 0.75415972 0.04157812 0.09143056
0 0.28888281 0.25553472 0.03156250 0.05884722
0 0.21032813 0.84929167 0.03810938 0.09122222
0 0.19127344 0.80314583 0.04981250 0.08534722
0 0.25953906 0.49933333 0.04110938 0.08269444
0 0.30457031 0.52467361 0.03867188 0.06615278
0 0.88776172 0.45163889 0.03025781 0.06405556
1 0.08598828 0.80244444 0.02808594 0.06313889
0 0.24183594 0.82288194 0.04110938 0.08534722
1 0.83505859 0.96015278 0.03297656 0.06869444
