1 0.81389844 0.81281944 0.03096875 0.06663889
1 0.12756641 0.91409028 0.03092969 0.06873611
0 0.54058984 0.46905556 0.03024219 0.05000000
0 0.29500781 0.50970139 0.02953125 0.05831944
0 0.12863281 0.50717361 0.02693750 0.06434722
0 0.11084766 0.73952778 0.02910156 0.06494444
0 0.66221484 0.09393056 0.02814844 0.06708333
0 0.56553516 0.42909028 0.03282031 0.07093056
0 0.57914453 0.65702083 0.02353906 0.05279167
0 0.98816016 0.63010417 0.02367969 0.06593056
0 0.55031250 0.63709722 0.02809375 0.06855556
0 0.09389844 0.55002778 0.03420313 0.06727778
0 0.54058984 0.43000694 0.03816406 0.05768056
0 0.98508984 0.85538889 0.02982031 0.06855556
0 0.54977344 0.86915278 0.03925000 0.08200000
0 0.10983594 0.57063194 0.01620313 0.03270833
0 0.97693750 0.65869444 0.03340625 0.06713889
0 0.81238281 0.62677778 0.02907813 0.05388889
0 0.12925391 0.56326389 0.03127344 0.05444444
0 0.52065625 0.86722222 0.03934375 0.07852778
0 0.60000391 0.26740278 0.02880469 0.05511111
0 0.31283594 0.77763889 0.03853125 0.08386111
0 0.30094922 0.58364583 0.03636719 0.07431944
0 0.33137500 0.59036806 0.03096875 0.07368056
0 0.29716797 0.98036111 0.03600781 0.03927778
0 0.06041016 0.74304167 0.03564844 0.07433333
