0 0.06554297 0.35715972 0.05499219 0.10829167
0 0.06187500 0.40701389 0.04421875 0.08652778
0 0.11037891 0.37596528 0.04822656 0.09476389
0 0.82400000 0.85951389 0.06429687 0.13836111
0 0.35928125 0.64415972 0.02529687 0.05729167
0 0.07585937 0.80159722 0.04843750 0.11875000
0 0.10620312 0.44992361 0.03571875 0.08154167
0 0.75360938 0.37470139 0.04120313 0.09429167
0 0.77619922 0.24962500 0.05667969 0.11280556
0 0.05369531 0.30151389 0.06006250 0.11130556
0 0.51699219 0.11611111 0.03679687 0.08638889
0 0.78851562 0.73770833 0.06515625 0.13652778
0 0.07823047 0.45492361 0.04483594 0.08723611
