0 0.67564062 0.06732639 0.04146875 0.08931944
0 0.65566406 0.47961806 0.05765625 0.11093056
0 0.93987500 0.26257639 0.04064062 0.08223611
0 0.91476172 0.31518056 0.03750781 0.09261111
0 0.69293750 0.09529167 0.03479687 0.09561111
0 0.65282812 0.10622222 0.04334375 0.10338889
0 0.28191406 0.52731944 0.05251562 0.11825000
0 0.01967578 0.63534722 0.03935156 0.09425000
0 0.05610937 0.63001389 0.04501562 0.06847222
0 0.34419531 0.78745833 0.04634375 0.10638889
0 0.69050000 0.41636111 0.05951562 0.11288889
