0 0.85029688 0.71902083 0.03196875 0.05926389
0 0.85608203 0.69595833 0.03196094 0.05500000
0 0.67684766 0.64094444 0.02541406 0.06291667
0 0.45413672 0.88279167 0.04610156 0.08777778
1 0.80462500 0.90434028 0.02640625 0.06881944
1 0.23744141 0.95417361 0.03372656 0.07598611
1 0.05455859 0.90065972 0.03121094 0.07043056
1 0.11344531 0.47468750 0.03145313 0.06195833
0 0.99158594 0.58479167 0.01682812 0.05388889
0 0.03114844 0.51845139 0.02375000 0.05298611
0 0.32467578 0.28913194 0.02675781 0.04490278
0 0.24985547 0.56193056 0.03025781 0.06850000
0 0.64813672 0.60186111 0.02130469 0.04961111
0 0.68459375 0.43462500 0.02820313 0.05761111
0 0.67152344 0.39431944 0.02726562 0.06780556
0 0.69389844 0.37140972 0.02760938 0.05815278
0 0.71985547 0.39301389 0.03271094 0.06402778
0 0.70619922 0.43142361 0.02821094 0.06720833
0 0.68146484 0.25600000 0.02627344 0.06375000
0 0.01947656 0.47286806 0.02917188 0.05968056
0 0.34267188 0.47344444 0.03085938 0.04444444
0 0.31691406 0.47872917 0.02878125 0.05068056
0 0.33666406 0.51074306 0.02828125 0.05512500
0 0.09662109 0.37537500 0.01975781 0.03066667
0 0.22927734 0.97775694 0.03242969 0.04448611
0 0.08561719 0.40227083 0.02325000 0.05245833
0 0.10424609 0.41204861 0.02400781 0.06134722
0 0.01107422 0.87772222 0.02214844 0.05761111
