0 0.14707813 0.95282639 0.02381250 0.04556944
1 0.11823047 0.83536806 0.03000781 0.06881944
1 0.91398828 0.77665278 0.03183594 0.07047222
1 0.36444531 0.46353472 0.03390625 0.06029167
1 0.36819531 0.51368056 0.03181250 0.05494444
1 0.07667578 0.63398611 0.02730469 0.07041667
0 0.03751563 0.69559028 0.02460937 0.06881944
0 0.57794922 0.19904167 0.03125781 0.04963889
0 0.72733984 0.98196528 0.02763281 0.03606944
0 0.59940234 0.21589583 0.02627344 0.04854167
0 0.39115234 0.53768750 0.03030469 0.06562500
0 0.49152734 0.89431250 0.03300781 0.06829167
0 0.16669531 0.73906944 0.02370313 0.05761111
0 0.14689453 0.72947222 0.02550781 0.06508333
0 0.88564453 0.78172222 0.03391406 0.06886111
0 0.88489453 0.97156250 0.02821094 0.05687500
1 0.75120312 0.72006944 0.02642188 0.06419444
0 0.13203906 0.70200000 0.03120312 0.06241667
0 0.06985938 0.71271528 0.02629687 0.07056944
0 0.05807031 0.68465972 0.03331250 0.07576389
