0 0.08797266 0.75115278 0.03952344 0.07350000
1 0.62167578 0.80066667 0.04361719 0.10786111
0 0.76090625 0.53562500 0.02650000 0.05716667
0 0.69686719 0.51534028 0.04568750 0.09218056
0 0.67641016 0.51119444 0.03371094 0.05991667
0 0.63254688 0.52138889 0.04771875 0.10972222
0 0.59056250 0.66100000 0.05190625 0.09772222
0 0.31139844 0.68976389 0.04984375 0.09122222
0 0.26740234 0.66436111 0.05230469 0.10730556
0 0.05290234 0.76936111 0.04635156 0.08619444
0 0.33176562 0.64528472 0.03439063 0.06112500
0 0.02201563 0.80786111 0.03370313 0.08150000
0 0.87109766 0.52871528 0.03946094 0.09126389
0 0.83586719 0.53931250 0.03110937 0.08295833
