0 0.25758594 0.52836111 0.02126562 0.04161111
0 0.07959766 0.62907639 0.02771094 0.05334722
0 0.57185547 0.64987500 0.04044531 0.07422222
0 0.40578125 0.50796528 0.02835937 0.06515278
0 0.60093750 0.65255556 0.03096875 0.08258333
0 0.06098828 0.62470833 0.01980469 0.05377778
0 0.33893750 0.46980556 0.03240625 0.06513889
0 0.36299609 0.32100694 0.02586719 0.06679167
0 0.90473828 0.44390972 0.02977344 0.04243056
0 0.57757422 0.60491667 0.04033594 0.06372222
0 0.88487109 0.46722917 0.03277344 0.06656944
0 0.08060938 0.74186111 0.02448437 0.05505556
0 0.26300000 0.69416667 0.02340625 0.06080556
1 0.40126953 0.96079167 0.02916406 0.07552778
1 0.37822656 0.96823611 0.02917188 0.06352778
