0 0.60445703 0.88583333 0.03638281 0.07669444
0 0.79328906 0.90839583 0.06078125 0.11609722
0 0.42833594 0.24252778 0.08087500 0.16522222
0 0.40306641 0.91268056 0.07113281 0.13288889
0 0.37148047 0.85062500 0.07233594 0.13288889
0 0.34435156 0.78257639 0.07475000 0.15754167
0 0.36935547 0.39675694 0.07725781 0.14351389
0 0.34831250 0.30709722 0.06631250 0.12950000
0 0.37759766 0.21395139 0.07183594 0.15093056
1 0.86462500 0.88829861 0.06982813 0.15629167
0 0.40310547 0.13306250 0.05499219 0.12031944
0 0.43779297 0.76852083 0.04314844 0.07670833
0 0.40191016 0.34583333 0.06597656 0.13733333
