0 0.91379687 0.68972917 0.04934375 0.11906944
0 0.18972266 0.64298611 0.02567969 0.05136111
0 0.33085547 0.65663889 0.04753906 0.09372222
0 0.07529687 0.63167361 0.04667187 0.08143056
0 0.35700000 0.52680556 0.04537500 0.09833333
0 0.39027344 0.51946528 0.02981250 0.05754167
0 0.42073828 0.52254167 0.03975781 0.08997222
0 0.61506641 0.54410417 0.03785156 0.09495833
0 0.21148047 0.63369444 0.02671094 0.05175000
0 0.11181250 0.65586806 0.03759375 0.08834722
1 0.36123437 0.79549306 0.04234375 0.09073611
