1 0.61558984 0.90940972 0.04835156 0.10279167
0 0.06985156 0.65959028 0.03335938 0.06529167
0 0.55939453 0.65146528 0.04388281 0.08490278
0 0.53437500 0.67154167 0.03284375 0.08400000
0 0.10321484 0.66531250 0.03285156 0.06751389
0 0.41461719 0.19138889 0.02506250 0.06622222
0 0.01041797 0.33797222 0.02083594 0.06433333
0 0.00707031 0.19081944 0.01414063 0.03288889
0 0.35607812 0.44881250 0.03457813 0.07065278
0 0.38561328 0.43678472 0.03608594 0.07790278
0 0.09141016 0.42348611 0.03797656 0.06163889
0 0.39887109 0.17675000 0.02292969 0.04966667
0 0.12143750 0.41711111 0.03439062 0.06711111
0 0.42136328 0.41943056 0.04622656 0.07719444
