0 0.01760156 0.66193750 0.03520313 0.10295833
0 0.75514062 0.96339583 0.03931250 0.07320833
0 0.21717188 0.14695833 0.05726562 0.10758333
0 0.39669922 0.17088889 0.07217969 0.10077778
0 0.83654297 0.68543056 0.05903906 0.14052778
0 0.44304297 0.57546528 0.07252344 0.12559722
0 0.49908984 0.56102083 0.06336719 0.14484722
0 0.14028125 0.62316667 0.05676563 0.13780556
0 0.19554688 0.61608333 0.06526562 0.14941667
0 0.21242187 0.50202778 0.07151563 0.14180556
0 0.46360156 0.27791667 0.06642187 0.13819444
0 0.45064453 0.19389583 0.04853906 0.13234722
0 0.16762109 0.16275694 0.06207031 0.11548611
