0 0.42321094 0.18420833 0.05878125 0.15897222
0 0.49278516 0.18376389 0.05425781 0.12055556
0 0.11632031 0.76481250 0.08681250 0.17593056
0 0.08675391 0.31409028 0.05483594 0.09973611
0 0.06121875 0.32115972 0.06070312 0.10790278
0 0.94108203 0.76684028 0.02763281 0.06965278
0 0.96996875 0.77265278 0.03014062 0.07769444
0 0.74993750 0.86865278 0.03617188 0.06966667
0 0.38411719 0.87129861 0.07204687 0.14815278
0 0.33333203 0.85818056 0.06944531 0.11575000
0 0.14967578 0.24704167 0.06907031 0.16150000
0 0.11869531 0.30322222 0.05985938 0.14288889
0 0.04557422 0.88493056 0.05989844 0.11986111
0 0.45536328 0.21144444 0.05877344 0.13663889
0 0.39251953 0.20975000 0.05525781 0.11700000
0 0.33941016 0.94382639 0.05208594 0.09568056
0 0.41753516 0.78024306 0.09549219 0.18518056
0 0.06727344 0.73009028 0.06857813 0.10340278
0 0.36371484 0.91295833 0.05902344 0.10802778
