1 0.31021094 0.88873611 0.07912500 0.15636111
0 0.41790625 0.45693056 0.03857812 0.08750000
0 0.39876562 0.49203472 0.03512500 0.07504167
0 0.69789844 0.31804861 0.04626562 0.10695833
0 0.74603906 0.24565278 0.05640625 0.10027778
0 0.16551562 0.94781944 0.05357813 0.10436111
0 0.35608984 0.51282639 0.06641406 0.13406944
0 0.73539844 0.33268750 0.04576563 0.12676389
0 0.69038281 0.27521528 0.05946875 0.13401389
0 0.40889844 0.40077083 0.06223438 0.11748611
0 0.35372266 0.42509722 0.05496094 0.11900000
