0 0.56049219 0.41104167 0.07079688 0.14986111
0 0.84860937 0.07660417 0.05437500 0.10898611
0 0.30416016 0.34215278 0.02555469 0.04166667
0 0.07162109 0.81461806 0.05139844 0.10331944
0 0.63893359 0.28615278 0.05477344 0.12716667
0 0.59003125 0.39774306 0.04309375 0.10640278
0 0.11292969 0.79397222 0.04840625 0.11963889
0 0.81265625 0.06559722 0.04331250 0.07852778
0 0.29555078 0.38995139 0.02278906 0.05698611
0 0.27646094 0.38776389 0.01909375 0.04713889
1 0.87269141 0.29004861 0.06897656 0.11937500
