0 0.14266016 0.19799306 0.02442969 0.03329167
1 0.16925391 0.96677083 0.03202344 0.06368056
0 0.14171094 0.22452778 0.02143750 0.04583333
0 0.14673438 0.94385417 0.03528125 0.07093056
0 0.18023438 0.17652083 0.02254687 0.04920833
0 0.63675781 0.93152778 0.03601563 0.05944444
0 0.91351562 0.70631944 0.02765625 0.05430556
0 0.88290625 0.71666667 0.03112500 0.06944444
0 0.19570313 0.79069444 0.03406250 0.07472222
0 0.65577734 0.60870139 0.02277344 0.04606944
0 0.02855469 0.35078472 0.02679688 0.05426389
0 0.45441406 0.90529861 0.02184375 0.05190278
0 0.86138281 0.57581944 0.03395313 0.03741667
