0 0.82726563 0.32597222 0.02671875 0.06027778
0 0.78652344 0.49944444 0.03335937 0.07472222
0 0.12121484 0.53610417 0.02941406 0.06873611
0 0.82476562 0.72208333 0.03140625 0.08111111
0 0.80410156 0.97215278 0.03367187 0.05569444
0 0.59257812 0.98750000 0.02421875 0.02500000
0 0.61132812 0.97847222 0.02734375 0.04305556
0 0.04464844 0.81826389 0.03867188 0.07180556
0 0.08304688 0.61111111 0.02828125 0.04722222
0 0.10398437 0.56541667 0.03578125 0.07750000
0 0.98011719 0.63770833 0.02226563 0.04236111
0 0.80425781 0.33055556 0.02898438 0.05555556
0 0.06593750 0.59498611 0.02345312 0.05361111
0 0.78292969 0.32534722 0.02835937 0.06013889
