0 0.98333594 0.83356944 0.03332813 0.11338889
0 0.44021094 0.84470139 0.02990625 0.05726389
0 0.09291016 0.81999306 0.05230469 0.09515278
0 0.98564453 0.66248611 0.02871094 0.10297222
0 0.95912891 0.69889583 0.04527344 0.10243056
0 0.97005469 0.78326389 0.03451563 0.08638889
0 0.04333594 0.44485417 0.05375000 0.10637500
0 0.30388281 0.28674306 0.04229688 0.11579167
0 0.27394922 0.28236111 0.04799219 0.10447222
0 0.29961328 0.61106944 0.05003906 0.11497222
0 0.27035547 0.03980556 0.04388281 0.07961111
0 0.24417969 0.25340972 0.03823438 0.07395833
0 0.06526562 0.87318056 0.04342187 0.09963889
