0 0.43877734 0.90786111 0.01997656 0.04583333
0 0.22848828 0.67950694 0.03500781 0.06720833
0 0.75386719 0.66026389 0.03737500 0.06736111
0 0.60473047 0.43073611 0.03705469 0.07733333
0 0.79529688 0.63645139 0.04640625 0.07984722
0 0.04185937 0.45209028 0.03726563 0.05698611
0 0.09971094 0.30374306 0.02212500 0.03245833
0 0.11495312 0.32952083 0.02859375 0.06187500
0 0.06229297 0.91138889 0.01911719 0.03708333
0 0.24651953 0.41968056 0.03669531 0.05986111
0 0.42352344 0.69172222 0.01868750 0.04888889
0 0.24717578 0.69840278 0.01997656 0.04544444
0 0.08134766 0.46890278 0.03007031 0.06338889
0 0.06244531 0.44369444 0.02792187 0.05880556
0 0.27987891 0.41252778 0.03508594 0.06838889
0 0.78260547 0.68340972 0.03505469 0.08981944
1 0.84995703 0.87484722 0.04383594 0.10230556
