0 0.58265625 0.21621528 0.04610937 0.08487500
0 0.19497266 0.94304167 0.06403906 0.11391667
0 0.29532812 0.41606250 0.05418750 0.10465278
0 0.31167969 0.46174306 0.04204687 0.07973611
0 0.33457031 0.46173611 0.03737500 0.07308333
0 0.02245703 0.44595833 0.04491406 0.11461111
0 0.22151172 0.81638889 0.08222656 0.14783333
0 0.63076562 0.16163194 0.05201562 0.12631944
0 0.24363281 0.23137500 0.04993750 0.09138889
0 0.26958594 0.37672917 0.07343750 0.14187500
0 0.17881250 0.45393056 0.04210938 0.08094444
0 0.61971875 0.18550694 0.03876563 0.08462500
