1 0.86458594 0.85725000 0.04426563 0.10897222
1 0.06293750 0.79144444 0.04139063 0.09686111
0 0.91197266 0.54065972 0.04125781 0.09487500
0 0.94458203 0.56659028 0.04188281 0.09709722
0 0.86185547 0.63341667 0.04378906 0.08650000
2 0.52462109 0.51115972 0.04153906 0.06945833
0 0.52502344 0.56154861 0.04564062 0.07168056
0 0.90201172 0.64990972 0.05233594 0.09137500
0 0.16068359 0.45634722 0.04460156 0.08655556
0 0.01996094 0.20895833 0.02678125 0.05250000
0 0.75318359 0.84190972 0.04750781 0.10673611
0 0.79319141 0.87725694 0.04600781 0.10629167
