0 0.98995312 0.91981250 0.02009375 0.05445833
0 0.66162500 0.66938194 0.02912500 0.06329167
0 0.66420703 0.70462500 0.03050781 0.04658333
0 0.83817969 0.58859722 0.02326562 0.06841667
0 0.16208984 0.26967361 0.02621094 0.04315278
0 0.13942969 0.42375694 0.02814062 0.05651389
0 0.07198047 0.91935417 0.01969531 0.04901389
0 0.27496484 0.86318750 0.02721094 0.06015278
0 0.44862500 0.75131944 0.02709375 0.06786111
0 0.43367578 0.81409722 0.02811719 0.06327778
0 0.18888281 0.30107639 0.01879688 0.04965278
0 0.97321875 0.39023611 0.02553125 0.04508333
0 0.98891016 0.39240278 0.02217969 0.04569444
0 0.85487500 0.56281250 0.02326563 0.06112500
0 0.92104297 0.81128472 0.03107031 0.07856944
0 0.47367187 0.60327778 0.02853125 0.06583333
0 0.46417188 0.22027083 0.02828125 0.06445833
0 0.48742969 0.21582639 0.02978125 0.06623611
0 0.49367969 0.33474306 0.02578125 0.06045833
0 0.52268750 0.35674306 0.03528125 0.06179167
0 0.50805859 0.39609028 0.02903906 0.06845833
0 0.48269141 0.39920139 0.02925781 0.06134722
0 0.15160547 0.45299306 0.02875781 0.06045833
0 0.17422656 0.47722222 0.02703125 0.04577778
0 0.17628516 0.44410417 0.02750781 0.04268056
0 0.47343750 0.35629861 0.02525000 0.06801389
1 0.08773047 0.91823611 0.02541406 0.05505556
1 0.43755078 0.97858333 0.03275781 0.04283333
