1 0.80153516 0.79688194 0.03733594 0.08943056
1 0.83210547 0.79457639 0.04153906 0.09956944
0 0.15298047 0.87852778 0.05164844 0.10177778
0 0.18814063 0.32405556 0.05081250 0.09955556
0 0.23509375 0.79002778 0.06042187 0.10841667
0 0.19933594 0.82987500 0.05226563 0.10613889
0 0.98396094 0.54986111 0.03207812 0.07494444
0 0.49395703 0.67648611 0.05813281 0.10877778
0 0.54342578 0.71193750 0.04878906 0.09873611
0 0.86658984 0.53322917 0.03997656 0.10231944
0 0.81576953 0.66643750 0.04516406 0.09956944
0 0.24404687 0.08636806 0.03673437 0.06656944
0 0.19957422 0.11706944 0.03708594 0.07688889
0 0.22234766 0.31806250 0.04249219 0.07098611
0 0.12747266 0.36507639 0.04044531 0.07651389
0 0.14976953 0.32866667 0.04563281 0.09772222
