0 0.31797266 0.33864583 0.01664844 0.03915278
0 0.29550781 0.69776389 0.01790625 0.04263889
0 0.05702734 0.74064583 0.03794531 0.06462500
0 0.25693359 0.64954861 0.02130469 0.04423611
0 0.70632031 0.32561111 0.03192188 0.07375000
0 0.67657813 0.75911111 0.03387500 0.08711111
0 0.92201953 0.75664583 0.03449219 0.07231944
0 0.72846875 0.32375694 0.02492187 0.05040278
0 0.67529688 0.46351389 0.03371875 0.06419444
0 0.70341016 0.45741667 0.03536719 0.06844444
0 0.72750000 0.48724306 0.04118750 0.07401389
0 0.66582422 0.43062500 0.02341406 0.03555556
0 0.65060937 0.46920833 0.02670312 0.07083333
0 0.90975781 0.45788889 0.01820313 0.03688889
0 0.88671484 0.45550000 0.04102344 0.05491667
0 0.93245312 0.46243056 0.03307813 0.06188889
0 0.92848828 0.72071528 0.02996094 0.06743056
0 0.95819531 0.72292361 0.03393750 0.07184722
0 0.28002734 0.70030556 0.02058594 0.04327778
0 0.26704688 0.68742361 0.02398437 0.04168056
0 0.08885547 0.73724306 0.03417969 0.08376389
0 0.09132031 0.96234722 0.03603125 0.07530556
0 0.71491797 0.76513194 0.03972656 0.08381944
0 0.67262500 0.50923611 0.03614062 0.06083333
0 0.74202344 0.33673611 0.02987500 0.06794444
0 0.74432813 0.30061111 0.02340625 0.03947222
