0 0.81297266 0.40477778 0.01850781 0.04183333
1 0.51388672 0.72775000 0.03853906 0.06983333
0 0.78096875 0.38570833 0.02551563 0.03986111
0 0.79822656 0.42672222 0.01781250 0.05500000
0 0.25495703 0.87934028 0.03025781 0.06806944
0 0.16918750 0.73463889 0.02625000 0.06138889
0 0.36922656 0.21762500 0.02628125 0.05516667
0 0.35185547 0.19828472 0.03200781 0.04940278
0 0.51777344 0.21051389 0.01675000 0.03738889
0 0.82751953 0.77727083 0.03121094 0.06934722
0 0.50901953 0.33009722 0.02575781 0.05250000
0 0.91224609 0.78000694 0.02700781 0.06134722
0 0.91887109 0.59215972 0.02875781 0.06273611
0 0.65705859 0.80199306 0.03325781 0.07251389
0 0.81822266 0.44945833 0.03150781 0.06538889
0 0.16655859 0.52947917 0.02700781 0.06540278
0 0.18530469 0.53192361 0.02103125 0.05873611
1 0.14493359 0.45701389 0.03625781 0.06005556
1 0.68656641 0.79932639 0.03475781 0.07251389
1 0.92562109 0.95936111 0.03325781 0.06361111
1 0.82759766 0.52059028 0.03325781 0.07251389
1 0.14705859 0.50393750 0.02800781 0.05068056
1 0.79621875 0.97713889 0.03501562 0.04572222
