0 0.16479297 0.27694444 0.02171094 0.04969444
0 0.14375781 0.29238194 0.02143750 0.04004167
0 0.15502344 0.27211806 0.01410938 0.03426389
0 0.03127344 0.49356250 0.02225000 0.04004167
0 0.06248438 0.53070833 0.02659375 0.04969444
0 0.04538672 0.47860417 0.01953906 0.04487500
0 0.09328125 0.55604167 0.02360937 0.03955556
0 0.08120703 0.69329861 0.02225781 0.04390278
0 0.31432031 0.55941667 0.02659375 0.05402778
0 0.32680078 0.57847222 0.02388281 0.05933333
0 0.31228125 0.75866667 0.02360937 0.05983333
0 0.32571875 0.44555556 0.02496875 0.04727778
0 0.68067578 0.53360417 0.03364844 0.06995833
0 0.70713281 0.54711111 0.02795312 0.05355556
0 0.69478906 0.82452083 0.03093750 0.07284722
0 0.72070703 0.81342361 0.02469531 0.05740278
0 0.94915625 0.84904167 0.03067187 0.06644444
0 0.12346875 0.52313889 0.02320312 0.03555556
0 0.06168750 0.69588194 0.01718750 0.04140278
0 0.08201953 0.30854167 0.01791406 0.04438889
0 0.06481641 0.31881944 0.01464844 0.03136111
1 0.29192969 0.74129167 0.02957813 0.05113889
0 0.34051172 0.40625000 0.03019531 0.05005556
