1 0.50439453 0.85811111 0.01933594 0.06877778
1 0.92353516 0.94670833 0.02942969 0.07030556
1 0.93482812 0.67763889 0.02970312 0.06566667
1 0.01416797 0.86395139 0.02039844 0.05068056
1 0.28963672 0.94957639 0.03060156 0.06720833
0 0.08261719 0.43281250 0.02189063 0.03006944
0 0.88921484 0.35515972 0.02550781 0.04806944
0 0.87331250 0.35515972 0.02970312 0.05659722
0 0.91322266 0.35543056 0.02671094 0.05394444
0 0.89687109 0.54107639 0.02700781 0.05926389
0 0.79079297 0.81740972 0.03691406 0.08059722
0 0.09967578 0.30515278 0.01863281 0.05013889
0 0.33658203 0.20913194 0.02674219 0.06401389
0 0.31049219 0.21445833 0.02970312 0.06188889
0 0.31829297 0.33768750 0.02730469 0.06934722
0 0.33659766 0.31875000 0.02971094 0.06241667
0 0.36224219 0.33555556 0.03543750 0.05975000
0 0.34783594 0.37877083 0.02764062 0.06829167
0 0.32129297 0.38197222 0.03030469 0.05761111
0 0.07253516 0.28034722 0.02430469 0.04000000
0 0.06217969 0.44438194 0.02460937 0.05334722
0 0.31692969 0.58121528 0.02703125 0.06134722
0 0.91312891 0.57545139 0.02758594 0.05281944
0 0.08330078 0.46551389 0.02225781 0.03316667
0 0.92234766 0.51578472 0.02955469 0.07095833
0 0.90216016 0.93678472 0.02749219 0.06190278
0 0.48070312 0.64829861 0.02878125 0.06262500
0 0.05682812 0.41834028 0.03368750 0.05062500
0 0.28759766 0.77316667 0.02878906 0.05116667
