2 0.36418750 0.94373611 0.04821875 0.10227778
1 0.91962109 0.77116667 0.04242969 0.12258333
0 0.25042187 0.14346528 0.03264063 0.06601389
0 0.89930469 0.21440278 0.02742188 0.06702778
0 0.83822656 0.82484028 0.02815625 0.05584722
0 0.87567969 0.25690278 0.04732813 0.09647222
0 0.80203906 0.34286111 0.03550000 0.06527778
0 0.84508203 0.35011111 0.04732031 0.10444444
0 0.88575781 0.77660417 0.04814062 0.11895833
0 0.91482812 0.26018056 0.02643750 0.06441667
0 0.32823047 0.96209722 0.06260156 0.07580556
0 0.33553516 0.33886806 0.06217969 0.12273611
0 0.25307422 0.08725694 0.03060156 0.06818056
0 0.85679297 0.79510417 0.04896094 0.10081944
0 0.22921094 0.11771528 0.03182813 0.07687500
