0 0.48614844 0.86326389 0.03253125 0.07338889
0 0.44948047 0.86213194 0.02833594 0.06815278
0 0.26704297 0.57356250 0.03313281 0.06079167
0 0.28235547 0.59706944 0.03167969 0.06705556
0 0.85454688 0.60051389 0.03095313 0.07152778
0 0.29895312 0.81087500 0.03114062 0.07605556
0 0.17917969 0.44224306 0.01843750 0.05187500
0 0.65110938 0.57809028 0.02240625 0.06976389
0 0.67158984 0.56356944 0.02902344 0.06733333
0 0.67697266 0.36088889 0.03075781 0.06702778
0 0.65423047 0.34529861 0.03142969 0.07104167
0 0.70415234 0.34745833 0.03300781 0.05930556
0 0.65805469 0.18770139 0.02553125 0.05095833
0 0.65791797 0.29722917 0.02846094 0.05251389
0 0.83494922 0.86349306 0.03125781 0.07379167
0 0.67888281 0.20068750 0.02693750 0.05834722
0 0.15648047 0.65597222 0.02252344 0.05594444
0 0.13815234 0.64098611 0.02500781 0.05930556
0 0.12127344 0.61966667 0.03167187 0.05963889
0 0.30798047 0.56997917 0.03683594 0.06548611
