0 0.54016406 0.64890972 0.03328125 0.06890278
0 0.49440625 0.78027083 0.03128125 0.07112500
1 0.31535937 0.70270139 0.03028125 0.07156944
0 0.55437109 0.44534028 0.02508594 0.05229167
0 0.79516797 0.77444444 0.03405469 0.06933333
0 0.47719922 0.98181944 0.03528906 0.03636111
0 0.29124609 0.71003472 0.02950781 0.05068056
0 0.30110938 0.75027083 0.03028125 0.06445833
0 0.10919922 0.86006944 0.02450781 0.07069444
0 0.13244922 0.85162500 0.03400781 0.07247222
0 0.27368359 0.72742361 0.02783594 0.06987500
0 0.13451562 0.60600694 0.02978125 0.06134722
0 0.51616016 0.76538194 0.02678906 0.06268056
0 0.51696094 0.63147222 0.03000000 0.07263889
0 0.50178516 0.61720833 0.02941406 0.07808333
0 0.75238281 0.50163194 0.03631250 0.05948611
