0 0.54859375 0.33773611 0.04406250 0.09608333
0 0.34796875 0.67284722 0.04250000 0.10291667
0 0.69773438 0.50702083 0.04062500 0.08012500
0 0.58669141 0.93546528 0.04483594 0.09476389
0 0.56131250 0.91892361 0.05160937 0.12484722
0 0.07761719 0.61152778 0.03710938 0.08500000
0 0.51617188 0.50402778 0.05421875 0.09444444
0 0.50306250 0.32834028 0.04582812 0.09818056
0 0.48902344 0.28838889 0.05973437 0.12272222
0 0.16199219 0.37975000 0.04445313 0.09244444
0 0.18038281 0.04231944 0.03360938 0.06480556
1 0.17371094 0.41819444 0.03085938 0.05388889
0 0.52216016 0.38995833 0.04758594 0.09608333
