1 0.23575391 0.93527083 0.03850781 0.07651389
1 0.44034375 0.96831944 0.03507812 0.06336111
1 0.16373828 0.72499306 0.02850781 0.06406944
1 0.98603125 0.88115972 0.02793750 0.06993056
1 0.30026953 0.46957639 0.03250781 0.06534722
0 0.28976953 0.39868750 0.03150781 0.06318056
0 0.16261328 0.90970833 0.02675781 0.06094444
0 0.45244141 0.55990278 0.03063281 0.07366667
0 0.55326563 0.46922222 0.03123437 0.04486111
0 0.53134375 0.27584028 0.02340625 0.04859722
0 0.86176172 0.59607639 0.02280469 0.05554167
0 0.88112109 0.39108333 0.02763281 0.07011111
0 0.90161328 0.36931944 0.02936719 0.05869444
0 0.92488281 0.38985417 0.02796875 0.06393056
0 0.54479297 0.50677778 0.02683594 0.04902778
0 0.89649219 0.43059722 0.02710937 0.05466667
0 0.91229297 0.42689583 0.02607031 0.06579167
0 0.84270703 0.25808333 0.02525781 0.05250000
0 0.30535547 0.35256250 0.02938281 0.04240278
0 0.70591016 0.67339583 0.02814844 0.07587500
0 0.71998437 0.91287500 0.03031250 0.08083333
0 0.69400391 0.88158333 0.03835156 0.08194444
0 0.83303906 0.83148611 0.03062500 0.04783333
0 0.87371484 0.44299306 0.02413281 0.06268056
0 0.88616016 0.25193056 0.02111719 0.05636111
0 0.52868359 0.47034722 0.03017969 0.04858333
0 0.17536328 0.46715278 0.03225781 0.06672222
0 0.19124219 0.51738889 0.02600000 0.05516667
0 0.20187109 0.54005556 0.02675781 0.06138889
0 0.26638672 0.38732639 0.02825781 0.06090278
0 0.14535547 0.72254861 0.02525781 0.06273611
0 0.26882031 0.72817361 0.03940625 0.08281944
