1 0.66282813 0.97204167 0.03345313 0.05591667
0 0.09161328 0.26688194 0.03197656 0.05837500
0 0.11171094 0.25651389 0.02376562 0.04838889
0 0.28368750 0.64905556 0.03500000 0.06683333
0 0.12983203 0.26496528 0.01775781 0.03456944
0 0.27783203 0.80039583 0.02683594 0.05606944
0 0.57233594 0.52653472 0.02462500 0.05684722
0 0.68100781 0.46200000 0.03025000 0.06913889
0 0.02204688 0.77620139 0.03889062 0.07220833
0 0.05510156 0.79770139 0.03414062 0.07681944
0 0.08059766 0.51501389 0.03586719 0.07527778
0 0.12100000 0.53881944 0.03629688 0.05991667
0 0.66847656 0.30797917 0.03025000 0.06837500
0 0.70499219 0.29799306 0.02635938 0.04070833
0 0.88344922 0.63484722 0.03327344 0.07375000
0 0.91043750 0.63715972 0.02942188 0.07681944
0 0.84910156 0.45739583 0.02765625 0.05070833
0 0.86897656 0.60642361 0.03543750 0.06759722
0 0.09917969 0.55380556 0.02981250 0.07605556
0 0.07182422 0.46049306 0.04280469 0.07062500
0 0.87182422 0.44313889 0.02771094 0.04763889
0 0.08107813 0.73861111 0.04215625 0.07827778
0 0.83825391 0.48529167 0.02771094 0.05091667
0 0.03241406 0.81690972 0.03025000 0.07681944
