0 0.84554688 0.09332639 0.05287500 0.12098611
0 0.87467969 0.06025000 0.04846875 0.11750000
0 0.04528125 0.13679167 0.04732812 0.08630556
0 0.40277344 0.58090278 0.06679687 0.12680556
0 0.77027734 0.93727778 0.09052344 0.12544444
0 0.86122656 0.63766667 0.08290625 0.17897222
0 0.93144922 0.79107639 0.06091406 0.13987500
0 0.02223438 0.12228472 0.04446875 0.09937500
0 0.80750391 0.66022917 0.08375781 0.16093056
0 0.79480859 0.53313889 0.06683594 0.13536111
0 0.05157813 0.18419444 0.04060938 0.07219444
0 0.07669922 0.22310417 0.03753906 0.07615278
0 0.91029297 0.82115972 0.05414844 0.12484722
