0 0.80130859 0.48577778 0.02771094 0.05158333
0 0.23558203 0.23579167 0.01789844 0.03941667
0 0.38017578 0.23578472 0.02833594 0.05331944
0 0.96488281 0.53972917 0.02995312 0.05331944
0 0.77975000 0.66970139 0.02181250 0.05390278
0 0.33070703 0.55434722 0.02767969 0.06658333
0 0.40284375 0.22059722 0.02279688 0.05558333
0 0.33751562 0.45896528 0.02898437 0.06084722
0 0.20463281 0.46302778 0.03031250 0.06663889
0 0.22239844 0.43870833 0.02995312 0.05041667
0 0.18120312 0.47576389 0.03354687 0.05505556
0 0.07046484 0.46650000 0.02771094 0.05852778
0 0.06607031 0.61788889 0.03454688 0.05794444
0 0.23714453 0.74051389 0.02882031 0.04933333
0 0.32485156 0.74035417 0.01879688 0.05218056
0 0.61784766 0.56557639 0.02475781 0.05726389
0 0.62195703 0.45770139 0.02716406 0.05304167
0 0.80847266 0.71254167 0.02378906 0.04836111
0 0.98801172 0.55218750 0.02397656 0.05118056
0 0.35258203 0.52090972 0.03088281 0.05120833
0 0.26044531 0.55781250 0.02985938 0.05579167
0 0.22726172 0.57289583 0.02577344 0.04776389
0 0.22677734 0.52815278 0.03161719 0.06488889
1 0.93344141 0.96264583 0.03032031 0.06201389
1 0.00782031 0.79605556 0.01564062 0.06369444
1 0.34311328 0.73972222 0.02917969 0.07191667
1 0.59779297 0.77492361 0.03630469 0.06293056
