0 0.05590234 0.29627778 0.03880469 0.08655556
0 0.44835156 0.32389583 0.03490625 0.09812500
0 0.34458984 0.87431944 0.05392969 0.13366667
0 0.91421875 0.13152083 0.04407813 0.09043056
0 0.94426953 0.15733333 0.03686719 0.09044444
0 0.94403125 0.06058333 0.04978125 0.10877778
0 0.97614062 0.13336806 0.04771875 0.11809722
0 0.12962109 0.82209028 0.04772656 0.08809722
0 0.39805469 0.25660417 0.05132812 0.11865278
0 0.08007812 0.25631250 0.04157813 0.08545833
0 0.72152344 0.61251389 0.05237500 0.08388889
0 0.75782031 0.67330556 0.05340625 0.10425000
0 0.36037891 0.51018750 0.06694531 0.10601389
0 0.42182813 0.60692361 0.04982813 0.11534722
0 0.45838281 0.57466667 0.05242188 0.09319444
0 0.39203516 0.57056944 0.05963281 0.13275000
