1 0.04077344 0.55193056 0.03507813 0.06800000
1 0.01626172 0.57013889 0.03252344 0.08527778
0 0.64324609 0.92525000 0.06403906 0.12638889
0 0.35881250 0.42045139 0.04054688 0.09340278
0 0.70835547 0.56684722 0.04953906 0.09658333
0 0.67046094 0.59193750 0.04726562 0.11384722
0 0.74582813 0.86593056 0.05581250 0.12775000
0 0.73375000 0.75425000 0.06510938 0.12111111
0 0.32312109 0.45059028 0.04171094 0.08006944
0 0.06854297 0.47834722 0.03739844 0.07400000
0 0.32452734 0.20077778 0.02639844 0.05788889
0 0.34397656 0.18731944 0.02692187 0.06788889
0 0.08380859 0.43692361 0.03107031 0.06129167
0 0.02607031 0.45921528 0.03207812 0.07212500
0 0.36565625 0.17213194 0.03084375 0.06112500
