0 0.71732422 0.37540278 0.04180469 0.10947222
0 0.35347266 0.25345833 0.04069531 0.09986111
0 0.35032812 0.65648611 0.05600000 0.13175000
0 0.63499609 0.62114583 0.05538281 0.14048611
0 0.65957031 0.29984028 0.06093750 0.11548611
0 0.39642188 0.20758333 0.02154688 0.05630556
0 0.77668359 0.81310417 0.05600781 0.07840278
0 0.38748437 0.69420139 0.04756250 0.13379167
0 0.39000391 0.59593750 0.04180469 0.09218056
0 0.26597266 0.51623611 0.03349219 0.07105556
0 0.41270703 0.27170139 0.04536719 0.11331944
0 0.45051953 0.12157639 0.04249219 0.07681944
0 0.48218750 0.15327083 0.03676563 0.09281944
1 0.68104297 0.58015278 0.06408594 0.14502778
