0 0.70489844 0.16720833 0.02445312 0.05794444
0 0.13945313 0.46111111 0.03359375 0.04722222
0 0.68034766 0.18023611 0.02686719 0.05311111
0 0.25667969 0.07381944 0.01601562 0.02930556
0 0.15191016 0.42078472 0.02372656 0.03704167
0 0.18847656 0.20416667 0.03117187 0.04722222
0 0.03593750 0.36319444 0.02343750 0.04861111
0 0.01210938 0.35965278 0.02421875 0.05597222
0 0.01484375 0.31666667 0.02968750 0.05000000
0 0.94718750 0.87180556 0.02031250 0.04972222
0 0.01132812 0.24048611 0.02265625 0.04986111
0 0.24007031 0.07468750 0.02257813 0.05715278
0 0.22100781 0.06253472 0.02578125 0.04631944
0 0.70386719 0.47833333 0.03320312 0.07111111
0 0.69969531 0.25850000 0.02667187 0.04933333
1 0.40021875 0.95064583 0.03403125 0.06598611
