0 0.60163281 0.37025000 0.03003125 0.06102778
0 0.06698047 0.42793056 0.02749219 0.06644444
0 0.06041406 0.62038889 0.03417188 0.07636111
0 0.38712891 0.95586111 0.03460156 0.06911111
0 0.39567578 0.69672917 0.02772656 0.06720833
0 0.04176172 0.89855556 0.02703906 0.06461111
0 0.82471875 0.57810417 0.03928125 0.06720833
0 0.80451562 0.28507639 0.02460937 0.05079167
1 0.55145703 0.91426389 0.03225781 0.08091667
1 0.35143750 0.96089583 0.04264062 0.07820833
0 0.76367969 0.85593056 0.04468750 0.08641667
0 0.78906641 0.89722222 0.04072656 0.08705556
0 0.81841406 0.86329167 0.04396875 0.08322222
0 0.09682422 0.42243750 0.02433594 0.05340278
0 0.39271484 0.50378472 0.03030469 0.07206944
0 0.77871875 0.49425000 0.03962500 0.07369444
0 0.07971875 0.44430556 0.02553125 0.05661111
0 0.08334375 0.64548611 0.03264062 0.05091667
0 0.37634766 0.68676389 0.03303906 0.07847222
0 0.23322266 0.54459722 0.02700781 0.07047222
0 0.36285547 0.46724306 0.02880469 0.06620833
0 0.79124219 0.55336111 0.03807813 0.07863889
