0 0.24010938 0.81865278 0.03123437 0.06711111
0 0.27566016 0.81552778 0.02580469 0.05794444
0 0.31382031 0.38140972 0.02714063 0.06109722
0 0.33462891 0.37256250 0.02261719 0.03779167
0 0.81873438 0.74444444 0.03653125 0.07916667
0 0.29550000 0.35367361 0.03346875 0.05306944
0 0.25475781 0.55773611 0.02581250 0.05727778
0 0.64496484 0.61608333 0.03069531 0.04927778
0 0.85854297 0.28800000 0.02772656 0.05561111
0 0.28597266 0.79309028 0.02797656 0.06518056
0 0.64568359 0.85966667 0.03096094 0.06422222
0 0.01028516 0.72590278 0.02057031 0.05527778
0 0.02542578 0.57501389 0.02402344 0.05447222
0 0.01102344 0.55281250 0.02204688 0.05362500
1 0.25788672 0.78030556 0.02933594 0.07241667
1 0.20918750 0.97338889 0.03175000 0.05322222
0 0.66019922 0.69756944 0.03069531 0.05938889
0 0.70823437 0.31667361 0.03015625 0.06084722
0 0.63972656 0.66910417 0.03093750 0.07290278
0 0.68150000 0.47033333 0.03639063 0.06613889
0 0.65044531 0.43994444 0.03067187 0.05938889
0 0.03467578 0.42632639 0.02691406 0.04381944
0 0.66721094 0.65918750 0.03132813 0.06940278
0 0.65694531 0.47034722 0.02750000 0.05652778
0 0.00956250 0.45928472 0.01912500 0.04495833
1 0.80035547 0.68657639 0.03460156 0.07562500
1 0.83876562 0.72047917 0.03720313 0.07531944
1 0.50293750 0.90597917 0.03421875 0.07676389
1 0.23101953 0.76293056 0.03205469 0.06469444
1 0.86162500 0.55146528 0.02732812 0.05762500
0 0.73039844 0.31832639 0.02506250 0.04615278
0 0.68609766 0.29000694 0.03203906 0.05631944
