1 0.39007422 0.70984028 0.04205469 0.07479167
1 0.69379297 0.55811806 0.03682031 0.06951389
1 0.65363672 0.80940972 0.03432031 0.07893056
1 0.90673437 0.69384028 0.03606250 0.06918056
1 0.46419141 0.58270139 0.03141406 0.06929167
1 0.43502344 0.74291667 0.03200000 0.07136111
0 0.40537109 0.76720833 0.03471094 0.07858333
0 0.42300781 0.80665972 0.03045313 0.06998611
0 0.28376953 0.71036111 0.02867969 0.05861111
0 0.26661719 0.68106944 0.03159375 0.06619444
0 0.28176172 0.46370139 0.02577344 0.04079167
0 0.44626172 0.60427083 0.03005469 0.06295833
0 0.89600000 0.71688889 0.03034375 0.05333333
0 0.35430859 0.35049306 0.02811719 0.04540278
0 0.30457422 0.45820833 0.03016406 0.04627778
0 0.00680078 0.78632639 0.01360156 0.04448611
0 0.01746484 0.76979167 0.02327344 0.05000000
0 0.27067578 0.85988889 0.02657031 0.06136111
0 0.28270312 0.50087500 0.02539062 0.05241667
0 0.87167187 0.53855556 0.02328125 0.05672222
0 0.84502734 0.56033333 0.02866406 0.05816667
0 0.30235937 0.50001389 0.02482813 0.05963889
0 0.33037500 0.35289583 0.02732813 0.05412500
0 0.31681250 0.33101389 0.02887500 0.05241667
0 0.91285547 0.58681250 0.01916406 0.04784722
