0 0.46658594 0.71474306 0.03401562 0.06668056
0 0.33606641 0.11427778 0.02127344 0.04186111
0 0.16157422 0.11417361 0.03250781 0.05334722
0 0.23252734 0.56960417 0.03800781 0.07068056
0 0.26102344 0.58627083 0.03203125 0.06401389
0 0.24240234 0.64561806 0.02925781 0.07334722
0 0.44408203 0.57849306 0.03500781 0.06268056
0 0.42494922 0.75609028 0.03825781 0.06223611
0 0.27175000 0.63895139 0.02978125 0.06890278
0 0.31606641 0.12354167 0.02669531 0.05963889
0 0.95310547 0.67506944 0.02975781 0.07250000
1 0.22837891 0.87000694 0.03049219 0.08529167
1 0.87495312 0.87484028 0.03585938 0.07890278
1 0.21873438 0.81247917 0.03609375 0.07201389
1 0.25513672 0.86502083 0.03796094 0.09081944
0 0.47126953 0.60673611 0.02903906 0.05288889
0 0.47780469 0.56473611 0.03631250 0.07252778
0 0.18152734 0.15014583 0.03060156 0.06104167
