0 0.13392188 0.33670139 0.02959375 0.07298611
0 0.91646484 0.75343750 0.04260156 0.10634722
0 0.95404687 0.50388194 0.04904687 0.10634722
0 0.18202344 0.54171528 0.04653125 0.09148611
0 0.21622266 0.54420139 0.04464844 0.06240278
0 0.13111328 0.44376389 0.03980469 0.08927778
0 0.37328125 0.55348611 0.04034375 0.09641667
0 0.68539062 0.79521528 0.07390625 0.08923611
0 0.11985938 0.28354167 0.03771875 0.06002778
0 0.75776562 0.54418056 0.02726562 0.05775000
0 0.61037500 0.74002083 0.05751563 0.11695833
0 0.92099609 0.55475000 0.04400781 0.09025000
0 0.91254687 0.13745139 0.04926562 0.06668056
0 0.15246094 0.31300000 0.03460938 0.07816667
0 0.16341016 0.48062500 0.04563281 0.08891667
0 0.17298438 0.31021528 0.02940625 0.08001389
0 0.62949609 0.83273611 0.05227344 0.12713889
0 0.63742578 0.50946528 0.04636719 0.10434722
0 0.67719141 0.54203472 0.04949219 0.10095833
0 0.68960547 0.48260417 0.05696094 0.09509722
0 0.60295312 0.52443750 0.04237500 0.09168056
0 0.73362891 0.53800694 0.02761719 0.05590278
1 0.14638672 0.78111111 0.04667969 0.10669444
2 0.73177734 0.67711111 0.03025781 0.07294444
1 0.36649219 0.71501389 0.04653125 0.10838889
