0 0.02070703 0.97902778 0.02700781 0.04194444
0 0.49527734 0.41499306 0.02850781 0.06934722
0 0.46828516 0.40059028 0.03027344 0.06615278
0 0.75579688 0.47737500 0.02648437 0.04630556
0 0.64277734 0.78463194 0.03075781 0.08001389
0 0.48433984 0.37231944 0.01857031 0.03627778
0 0.38004688 0.53795833 0.02790625 0.05708333
0 0.12269922 0.24693750 0.02250781 0.04579167
0 0.65826953 0.56997917 0.02808594 0.07873611
0 0.34674219 0.95805556 0.02790625 0.07041667
0 0.36009375 0.48674306 0.03360937 0.06987500
0 0.33025391 0.76227778 0.03027344 0.06827778
1 0.35349219 0.76094444 0.03120312 0.07736111
1 0.23202344 0.67756944 0.03148438 0.06075000
1 0.65433203 0.97102778 0.03867969 0.05794444
1 0.50953125 0.48620833 0.03660938 0.07094444
1 0.45208203 0.96729167 0.03874219 0.06541667
