0 0.61405078 0.51947917 0.04521094 0.10073611
0 0.89464453 0.22781250 0.03638281 0.06618056
0 0.60917969 0.56836111 0.04039063 0.06672222
0 0.89553516 0.07333333 0.05567969 0.10344444
0 0.56662500 0.68702778 0.02595313 0.04961111
0 0.86800391 0.20538194 0.04255469 0.09179167
2 0.58326953 0.69638194 0.02285156 0.04279167
0 0.55648437 0.45293056 0.07173438 0.14788889
0 0.62154297 0.05301389 0.03935156 0.07144444
0 0.89071875 0.15520139 0.05442188 0.10643056
0 0.07392969 0.43384722 0.04923438 0.09758333
0 0.58270703 0.48947222 0.05847656 0.16075000
