0 0.65449219 0.32805556 0.02476563 0.06611111
0 0.68005859 0.35836111 0.03150781 0.06277778
0 0.02442969 0.81126389 0.02804687 0.04697222
0 0.05187500 0.62947917 0.02267187 0.04776389
0 0.94578906 0.56856250 0.03651563 0.07445833
0 0.92989453 0.61515278 0.03350781 0.06377778
0 0.89738281 0.64562500 0.02085938 0.04541667
0 0.08281250 0.57006944 0.02343750 0.04875000
0 0.46480469 0.98555556 0.03132813 0.02888889
0 0.48921875 0.97701389 0.02843750 0.04597222
0 0.68359375 0.98326389 0.03125000 0.03347222
0 0.92085938 0.63909722 0.03078125 0.07041667
0 0.69191406 0.73534722 0.03648438 0.08208333
0 0.47539063 0.78062500 0.03515625 0.08041667
0 0.69960937 0.32430556 0.03203125 0.06250000
0 0.67109375 0.33055556 0.02656250 0.05555556
0 0.06445312 0.59444444 0.02890625 0.06666667
0 0.66093750 0.50472222 0.02968750 0.07388889
