0 0.13412109 0.45160417 0.04105469 0.10626389
0 0.48448828 0.46249306 0.05257031 0.12418056
0 0.45153906 0.46120833 0.04789062 0.13572222
0 0.40760937 0.41704167 0.04717187 0.09986111
0 0.43047656 0.79505556 0.05473437 0.14147222
0 0.47098438 0.68527083 0.04573437 0.10626389
0 0.45783984 0.75888194 0.04321094 0.12034722
0 0.39410156 0.74960417 0.03960937 0.08001389
0 0.47854687 0.18225694 0.03142188 0.06818056
0 0.49715625 0.13392361 0.03798438 0.07531944
0 0.46305469 0.13327083 0.04489063 0.11684722
0 0.38491016 0.39801389 0.06880469 0.12780556
0 0.06498437 0.51722917 0.04753125 0.10818056
0 0.10927734 0.48745833 0.03600781 0.09986111
