0 0.41706250 0.07515278 0.05245312 0.09475000
0 0.03677734 0.15411806 0.05499219 0.09926389
1 0.80535156 0.62093750 0.06629688 0.10920833
0 0.36010156 0.95454861 0.06035937 0.09090278
0 0.06737500 0.67067361 0.05639063 0.11004167
0 0.09570703 0.62139583 0.03791406 0.06295833
0 0.02503125 0.64488194 0.02950000 0.05568056
0 0.04062891 0.33351389 0.05866406 0.10194444
0 0.94167969 0.68911806 0.04992187 0.08868056
0 0.98332031 0.74386806 0.03335938 0.11168056
0 0.75538672 0.74441667 0.06221094 0.13138889
0 0.79556250 0.20351389 0.05268750 0.11825000
0 0.33683594 0.87131944 0.05700000 0.09088889
0 0.03274609 0.72733333 0.05974219 0.12044444
0 0.07353125 0.16806250 0.04960938 0.10462500
0 0.10571484 0.13302778 0.04252344 0.09258333
0 0.05659375 0.09059722 0.03482813 0.06355556
0 0.09247266 0.34079167 0.05361719 0.09530556
