1 0.42297266 0.53111111 0.05286719 0.10361111
1 0.78143359 0.48879861 0.03100781 0.06051389
0 0.52459766 0.43393750 0.04671094 0.10818056
0 0.36287109 0.62722917 0.04855469 0.08868056
0 0.59231250 0.36961111 0.06131250 0.11522222
0 0.56406641 0.43851389 0.06174219 0.10822222
0 0.90258203 0.90134028 0.03722656 0.07629167
0 0.95075000 0.32718750 0.04510938 0.12534722
0 0.35415234 0.55875000 0.05372656 0.11438889
0 0.90277734 0.06182639 0.04247656 0.09556944
0 0.97443359 0.29324306 0.04742969 0.12154167
0 0.93455469 0.61925694 0.03910937 0.11004167
0 0.94020313 0.92018056 0.02668750 0.06072222
0 0.34251953 0.74873611 0.05003906 0.13188889
0 0.39410156 0.59156944 0.04798437 0.12413889
0 0.52113281 0.35865972 0.03771875 0.07715278
0 0.54705078 0.38511806 0.03157031 0.05159722
