0 0.45953125 0.33484028 0.05359375 0.12134722
0 0.46162891 0.75524306 0.05802344 0.10118056
0 0.44479687 0.67345139 0.05325000 0.11365278
0 0.44084375 0.91900694 0.03857812 0.09070833
0 0.47755469 0.93615972 0.05226562 0.12501389
0 0.53041797 0.87752778 0.05607031 0.11394444
0 0.53839844 0.08367361 0.04231250 0.06881944
0 0.49753125 0.10614583 0.03920312 0.08406944
0 0.50681641 0.33406250 0.05314844 0.11523611
1 0.98700000 0.79433333 0.02600000 0.08869444
1 0.47008594 0.84268056 0.05973438 0.13275000
