0 0.95172656 0.16752083 0.04282812 0.08881944
0 0.09416406 0.07165278 0.05826563 0.10705556
0 0.97672266 0.64895139 0.04655469 0.15040278
0 0.97672266 0.53764583 0.04655469 0.12031944
0 0.92552344 0.93125694 0.08121875 0.13748611
0 0.15825391 0.18889583 0.04455469 0.09312500
0 0.12187500 0.08750000 0.05092188 0.09313889
0 0.62053125 0.68805556 0.04484375 0.08422222
0 0.25406250 0.82836806 0.02720312 0.06243056
0 0.28784375 0.57274306 0.02937500 0.05831944
0 0.13083594 0.14363889 0.04553125 0.08616667
