0 0.46321875 0.44446528 0.02776563 0.05490278
1 0.78640625 0.97888889 0.03343750 0.04222222
1 0.41811328 0.76146528 0.02827344 0.05193056
0 0.14696094 0.56180556 0.02659375 0.04347222
0 0.84038672 0.82225000 0.02605469 0.05447222
0 0.85974219 0.80375694 0.02120312 0.05556944
0 0.64339453 0.70933333 0.02233594 0.05808333
0 0.64946484 0.13093750 0.01924219 0.03420833
0 0.11371484 0.29238194 0.01872656 0.03812500
0 0.22701562 0.26463889 0.02442187 0.04825000
0 0.25035547 0.24872222 0.01899219 0.05402778
0 0.13149609 0.71597222 0.02985156 0.06319444
0 0.82217578 0.54007639 0.03347656 0.07040278
0 0.19486719 0.56688194 0.02212500 0.04506944
0 0.84926172 0.54911111 0.02822656 0.05525000
0 0.11208984 0.53361111 0.03066406 0.05644444
0 0.07585937 0.48873611 0.02821875 0.05066667
0 0.09241406 0.47640972 0.02387500 0.06084722
0 0.10503125 0.45617361 0.02523437 0.04437500
0 0.19594531 0.46702778 0.02850000 0.04583333
0 0.11968750 0.27404861 0.01654687 0.03812500
0 0.13189844 0.27911111 0.01926562 0.04825000
