0 0.13873828 0.62039583 0.08971094 0.15948611
0 0.56342578 0.39250694 0.10828906 0.18198611
0 0.19285156 0.85950000 0.06257812 0.12933333
0 0.80094531 0.83043750 0.07050000 0.19051389
0 0.68530859 0.34515278 0.06403906 0.14205556
0 0.59092188 0.49327778 0.11251562 0.17597222
0 0.75699219 0.20937500 0.06054688 0.13986111
0 0.73326172 0.87934722 0.07896094 0.15297222
0 0.67973047 0.21877083 0.06463281 0.13787500
0 0.71732813 0.27099306 0.06462500 0.12951389
0 0.79283984 0.93088194 0.07825781 0.13823611
0 0.65006250 0.28875000 0.07343750 0.12741667
0 0.80187500 0.13569444 0.05343750 0.13055556
0 0.27442187 0.83187500 0.07865625 0.18736111
0 0.07865234 0.50079861 0.07107031 0.13687500
0 0.08753906 0.63240972 0.07529688 0.16545833
