0 0.69086719 0.74579167 0.03639063 0.05319444
0 0.72038281 0.76436111 0.03996875 0.08263889
0 0.07421875 0.47409722 0.02609375 0.05975000
0 0.09985156 0.92012500 0.02648437 0.06466667
0 0.74791406 0.75027778 0.03604687 0.09672222
0 0.01957813 0.44002778 0.02976563 0.05886111
0 0.53580859 0.23187500 0.01899219 0.03700000
0 0.55491797 0.22320833 0.02542969 0.04886111
0 0.71607422 0.31443750 0.03780469 0.06401389
0 0.72957422 0.13625694 0.02521094 0.04268056
0 0.18074219 0.60399306 0.02370313 0.06668056
1 0.08489844 0.87894444 0.02268750 0.06472222
0 0.16573437 0.59893750 0.03331250 0.06401389
