0 0.15589453 0.24123611 0.03141406 0.05802778
1 0.88580859 0.87363889 0.03753906 0.07847222
0 0.12003516 0.57329167 0.02550781 0.05500000
1 0.84666797 0.84082639 0.04200781 0.07154167
1 0.85491406 0.89231250 0.03210937 0.07206944
0 0.13699609 0.77661111 0.02536719 0.06652778
0 0.45092578 0.56131944 0.02327344 0.05536111
0 0.43758984 0.56800000 0.02022656 0.07191667
0 0.03689844 0.43913194 0.02073437 0.04165278
0 0.05220312 0.43086111 0.01893750 0.04966667
0 0.03029688 0.62664583 0.02314063 0.05820833
0 0.01259375 0.60984028 0.02373437 0.05659722
0 0.10908203 0.55062500 0.02941406 0.05661111
0 0.25401562 0.83522917 0.02460937 0.06673611
0 0.62564453 0.87497222 0.03633594 0.08647222
0 0.92421875 0.59997222 0.03153125 0.06247222
0 0.89991406 0.58984028 0.03393750 0.06887500
0 0.44906641 0.33697917 0.03060156 0.06673611
0 0.45716797 0.17666667 0.02760156 0.05980556
0 0.47935937 0.18973611 0.02703125 0.05927778
0 0.87260547 0.66372222 0.03513281 0.07686111
0 0.46257031 0.34603472 0.03120312 0.06140278
0 0.48971094 0.33537500 0.03214062 0.04966667
0 0.45781641 0.29103472 0.03247656 0.05956944
0 0.28784375 0.83932639 0.03118750 0.07148611
