0 0.46613281 0.31431944 0.02362500 0.05063889
0 0.94864844 0.44542361 0.03382813 0.06018056
0 0.94100000 0.74621528 0.01915625 0.03884722
0 0.92963672 0.76641667 0.03616406 0.06463889
0 0.94237891 0.98024306 0.02882031 0.03951389
0 0.71548828 0.43419444 0.03385156 0.07322222
0 0.44885937 0.76237500 0.03132813 0.07544444
0 0.40383984 0.46006250 0.03436719 0.06462500
0 0.43301563 0.45083333 0.03365625 0.06844444
0 0.68478125 0.75747222 0.03798438 0.07344444
0 0.47972656 0.29172222 0.02150000 0.04044444
0 0.46182422 0.48154861 0.03582031 0.07004167
0 0.44966406 0.31956944 0.02792188 0.07130556
0 0.48626172 0.32227778 0.02991406 0.06400000
0 0.68411719 0.71881250 0.03257812 0.07481944
0 0.70371094 0.73408333 0.02239063 0.04872222
0 0.72287500 0.71993056 0.04175000 0.07958333
0 0.65042969 0.43053472 0.04117187 0.05381944
0 0.69025781 0.43912500 0.03418750 0.05763889
0 0.00862500 0.43711111 0.01725000 0.05616667
