0 0.95413672 0.62870833 0.02839844 0.05483333
0 0.59378906 0.69206250 0.02757813 0.06198611
0 0.32061719 0.30301389 0.05753125 0.09625000
0 0.29305078 0.68205556 0.04822656 0.10716667
0 0.25311719 0.38291667 0.04771875 0.09377778
0 0.02521875 0.33581250 0.05043750 0.11659722
0 0.31541406 0.20094444 0.06073438 0.10963889
0 0.74723438 0.68031944 0.02760938 0.05222222
0 0.28038281 0.84120833 0.04687500 0.09413889
0 0.01885938 0.40961111 0.03732813 0.07441667
0 0.29455859 0.39363194 0.05525781 0.09198611
0 0.30912891 0.43739583 0.04621094 0.08484722
0 0.33223828 0.46784722 0.04421094 0.08127778
0 0.29557422 0.75787500 0.05816406 0.11883333
0 0.25173438 0.80262500 0.05207813 0.10338889
0 0.24720703 0.27153472 0.04764844 0.08804167
