0 0.91307031 0.12802083 0.05301563 0.08490278
0 0.95620703 0.10443750 0.05125781 0.10895833
0 0.19093750 0.12690972 0.03834375 0.08262500
0 0.28689844 0.16413889 0.02771875 0.07483333
0 0.53762891 0.87372222 0.05075781 0.12713889
0 0.49199219 0.90772917 0.05701563 0.12493056
0 0.25699609 0.13005556 0.02958594 0.06816667
0 0.61636328 0.42525694 0.04603906 0.07245833
0 0.55198047 0.06798611 0.04050781 0.07694444
0 0.56723828 0.11200000 0.03150781 0.06627778
0 0.91332422 0.04197917 0.03500781 0.08184722
0 0.50420312 0.95454861 0.06134375 0.09090278
0 0.24858203 0.07248611 0.03394531 0.07597222
0 0.53978125 0.35148611 0.06025000 0.12522222
0 0.57444922 0.41341667 0.05660156 0.10516667
0 0.58576172 0.08870139 0.04053906 0.07079167
