0 0.62367187 0.46486111 0.04750000 0.08361111
0 0.64328125 0.84513889 0.04343750 0.10000000
0 0.65945312 0.76250000 0.03921875 0.08333333
0 0.65941406 0.49930556 0.04273437 0.07916667
0 0.85730469 0.82423611 0.04320312 0.08013889
0 0.05596484 0.28104861 0.03041406 0.05315278
0 0.86054688 0.14027778 0.02265625 0.03888889
0 0.87144141 0.11032639 0.03016406 0.04404167
1 0.61789063 0.73125000 0.04140625 0.08472222
1 0.91382812 0.84673611 0.03968750 0.09069444
0 0.88015625 0.84243056 0.03828125 0.06819444
0 0.05273438 0.92986111 0.02578125 0.07083333
