0 0.76998047 0.41493750 0.03844531 0.05973611
0 0.96309766 0.64247917 0.02369531 0.04745833
0 0.22941016 0.79636806 0.03750781 0.08215278
0 0.27052344 0.58590972 0.03331250 0.07201389
0 0.28971484 0.60671528 0.01833594 0.03787500
0 0.54807812 0.62432639 0.03273437 0.07415278
0 0.52062109 0.61365278 0.03483594 0.07094444
0 0.50098047 0.54084028 0.03150781 0.05548611
0 0.53577344 0.81556944 0.03214062 0.08641667
0 0.75437500 0.66406944 0.03064063 0.07041667
0 0.76667969 0.88599306 0.03723437 0.07681944
0 0.84186328 0.14847222 0.02310156 0.05922222
0 0.86135156 0.14927083 0.02253125 0.05440278
0 0.15735547 0.52391667 0.03588281 0.05833333
0 0.15704297 0.35950000 0.02846094 0.06163889
0 0.30323828 0.34740972 0.03353906 0.04862500
0 0.27889063 0.36092361 0.02757813 0.07198611
0 0.29938672 0.42393056 0.02319531 0.06052778
0 0.30388281 0.53505556 0.02915625 0.06466667
0 0.31033984 0.59740278 0.03171094 0.06277778
0 0.28455078 0.78411111 0.03172656 0.06419444
0 0.28030859 0.83338889 0.03144531 0.07652778
0 0.73498828 0.88426389 0.03611719 0.06827778
0 0.72946094 0.49518750 0.03221875 0.05915278
0 0.73822266 0.46242361 0.02913281 0.05779167
0 0.75638281 0.46013889 0.02785937 0.06602778
0 0.79117969 0.30822917 0.02940625 0.05823611
1 0.96534375 0.81557639 0.02581250 0.06081944
