0 0.67932031 0.08199306 0.02628125 0.04781944
1 0.64812891 0.91079167 0.03825781 0.08002778
1 0.63812891 0.85367361 0.04025781 0.07245833
0 0.68589063 0.59315972 0.03676563 0.07690278
0 0.71552344 0.60738194 0.03701562 0.06801389
0 0.66826172 0.67073611 0.03550781 0.08625000
0 0.66588672 0.56893056 0.04475781 0.08091667
0 0.86268359 0.58738194 0.03475781 0.06179167
0 0.89806641 0.56960417 0.03600781 0.06534722
0 0.85443359 0.75586806 0.03775781 0.06268056
0 0.12871484 0.79356250 0.03253906 0.06668056
0 0.89694922 0.71295139 0.03188281 0.07065278
0 0.40532031 0.86278472 0.03576563 0.07734722
0 0.27758984 0.28823611 0.03007031 0.05383333
0 0.25510547 0.73375694 0.03567969 0.07179167
0 0.84433203 0.59520139 0.02474219 0.06654167
0 0.69161328 0.12626389 0.02627344 0.06302778
0 0.87694531 0.73600694 0.01542188 0.03226389
0 0.88871484 0.77276389 0.03510156 0.07066667
0 0.26540234 0.34124306 0.03111719 0.06315278
0 0.29153516 0.33186111 0.02986719 0.05538889
0 0.27547656 0.18411111 0.02490625 0.05175000
0 0.31416797 0.17743750 0.02974219 0.06081944
0 0.29751172 0.19450694 0.02583594 0.05868056
0 0.09996875 0.78600694 0.02200000 0.05779167
1 0.68389062 0.89545833 0.04276563 0.08580556
