0 0.93351563 0.93631944 0.02843750 0.07125000
0 0.76800781 0.96388889 0.02601563 0.06611111
0 0.22867187 0.55347222 0.04015625 0.08750000
0 0.91792969 0.47888889 0.03085938 0.07111111
0 0.91617188 0.31090278 0.02781250 0.05236111
0 0.96289062 0.68861111 0.02875000 0.06916667
0 0.18648437 0.87236111 0.02250000 0.05027778
0 0.15093750 0.85722222 0.03859375 0.06555556
0 0.17994531 0.57840972 0.03040625 0.06109722
0 0.93871094 0.31638889 0.02570313 0.05722222
0 0.20214844 0.60333333 0.03085938 0.05944444
0 0.75308594 0.97500000 0.02820313 0.05000000
