0 0.24574219 0.46996528 0.04145313 0.06918056
0 0.51520312 0.41731944 0.06429688 0.11430556
0 0.20175000 0.95611111 0.06006250 0.08777778
0 0.23136328 0.41356250 0.04314844 0.06468056
0 0.40605469 0.46319444 0.03554687 0.06777778
0 0.80307422 0.58589583 0.03739844 0.06876389
0 0.97696484 0.15379167 0.04567969 0.09025000
0 0.98278125 0.20696528 0.03443750 0.07434722
0 0.66939062 0.66987500 0.03054688 0.07102778
0 0.78508594 0.89411111 0.03553125 0.08122222
0 0.43187109 0.40904861 0.03807031 0.06768056
