0 0.18680469 0.42223611 0.02800000 0.06194444
0 0.85532422 0.96965278 0.02661719 0.05658333
0 0.14453125 0.89236111 0.02500000 0.06527778
0 0.55453125 0.60951389 0.03484375 0.08291667
0 0.17274219 0.39221528 0.02728125 0.05231944
0 0.30130078 0.67089583 0.03155469 0.07373611
0 0.95872656 0.74576389 0.03737500 0.08347222
0 0.19194531 0.53094444 0.02260938 0.05558333
0 0.92187500 0.96388889 0.02656250 0.06666667
0 0.94750000 0.82618056 0.04312500 0.09541667
0 0.95746094 0.49763889 0.03976563 0.07583333
0 0.31562500 0.27277778 0.03125000 0.05944444
0 0.31000000 0.45090278 0.03203125 0.06236111
0 0.14429687 0.69954167 0.03156250 0.05694444
0 0.17128906 0.88493056 0.02851562 0.06625000
0 0.31242187 0.94548611 0.03281250 0.07708333
0 0.18632813 0.55784722 0.02890625 0.05375000
0 0.92558594 0.46673611 0.04226562 0.08069444
