0 0.27048047 0.03102083 0.02575781 0.05137500
0 0.25728516 0.05697917 0.01727344 0.05081944
0 0.84811719 0.37150694 0.02054687 0.03845833
0 0.84091406 0.49911111 0.03034375 0.06030556
0 0.39095703 0.68094444 0.03128906 0.05497222
0 0.36049609 0.81853472 0.02575781 0.05220833
0 0.70157031 0.83420139 0.03345312 0.06281944
0 0.28343750 0.07331250 0.01806250 0.03768056
0 0.40066797 0.09425000 0.02041406 0.03880556
0 0.43050391 0.10095139 0.01949219 0.05331944
0 0.82598437 0.87951389 0.02575000 0.05919444
0 0.67281250 0.85492361 0.02860938 0.05320833
0 0.49001172 0.32225000 0.02646094 0.05472222
0 0.81571484 0.73324306 0.02638281 0.04759722
0 0.82221875 0.70024306 0.02092187 0.03923611
0 0.41566797 0.09411111 0.02025781 0.04802778
0 0.86238672 0.52440278 0.02960156 0.06733333
0 0.37361719 0.60788194 0.03882812 0.07368056
0 0.09017187 0.31860417 0.03243750 0.05531944
0 0.39773047 0.64358333 0.03507031 0.07541667
0 0.04581641 0.69975694 0.02352344 0.05873611
0 0.09498047 0.36366667 0.02546094 0.05497222
0 0.29677734 0.07219444 0.01775781 0.04272222
0 0.26938281 0.07275000 0.01853125 0.04327778
1 0.83324219 0.67980556 0.02826563 0.06536111
