0 0.04692578 0.40378472 0.03299219 0.06618056
0 0.44413281 0.61511111 0.04060938 0.08272222
0 0.39210937 0.64518750 0.04653125 0.10076389
0 0.37095313 0.29097917 0.04145313 0.08723611
0 0.05327344 0.85199306 0.04229688 0.08120833
0 0.04142969 0.90688889 0.04060937 0.08272222
0 0.39717969 0.29022917 0.04653125 0.10979167
0 0.36291797 0.23458333 0.05414844 0.10980556
0 0.40310547 0.22405556 0.05667969 0.10377778
0 0.37053125 0.15938194 0.06937500 0.13084722
0 0.07750000 0.09597222 0.02531250 0.05500000
0 0.75980469 0.33500000 0.04210937 0.09166667
0 0.78394531 0.38631944 0.03867188 0.08847222
0 0.11839844 0.02687500 0.02976562 0.05375000
0 0.42002344 0.49478472 0.05837500 0.12181944
0 0.34684375 0.47297222 0.07614062 0.14438889
0 0.35191797 0.64368750 0.05414844 0.10979167
0 0.35953125 0.55870139 0.07614062 0.13837500
0 0.41761719 0.71812500 0.05007813 0.12125000
0 0.06722656 0.36631944 0.03929688 0.07486111
0 0.71492187 0.85069444 0.05359375 0.13222222
0 0.34853516 0.32859028 0.03891406 0.07520833
