0 0.49677734 0.68606250 0.08694531 0.17651389
0 0.48179688 0.54663194 0.06756250 0.13787500
0 0.17029688 0.58579861 0.07931250 0.13890278
0 0.60257812 0.84698611 0.05703125 0.12186111
0 0.55053516 0.66622222 0.09575781 0.19322222
0 0.92410156 0.42318750 0.08101563 0.15001389
0 0.39937500 0.68994444 0.04078125 0.07983333
0 0.90980469 0.31204167 0.05851563 0.12033333
0 0.17746484 0.67666667 0.06991406 0.11175000
0 0.96868359 0.28120833 0.05924219 0.11280556
0 0.60765625 0.05020833 0.04734375 0.10041667
0 0.64717969 0.83125000 0.07990625 0.19113889
0 0.57167969 0.07789583 0.05523438 0.12059722
0 0.96194922 0.53625694 0.07610156 0.20276389
