1 0.13008984 0.63661806 0.06824219 0.11743056
0 0.54839453 0.50186806 0.05053906 0.10673611
0 0.28075781 0.97160417 0.03406250 0.05679167
0 0.89046094 0.17409722 0.04540625 0.10250000
0 0.91998828 0.80140972 0.04525781 0.10834722
0 0.89133984 0.74950694 0.04561719 0.08887500
0 0.91980469 0.43290278 0.05000000 0.09666667
0 0.87491797 0.42642361 0.06824219 0.13429167
0 0.48955078 0.52989583 0.05583594 0.12456944
0 0.33262891 0.22984028 0.03613281 0.09018056
0 0.29435547 0.07149306 0.03853906 0.08673611
0 0.25673438 0.05615972 0.04726562 0.09962500
0 0.27169922 0.62079167 0.05378906 0.12052778
0 0.21859766 0.05371528 0.05050781 0.09918056
0 0.25841016 0.54221528 0.05675781 0.13070833
0 0.49437891 0.75038194 0.05203906 0.11829167
0 0.47413672 0.38561806 0.04550781 0.09118056
