0 0.84367969 0.10850694 0.04401562 0.08712500
0 0.45331250 0.58789583 0.05048438 0.14326389
0 0.45391797 0.95634722 0.03953906 0.08325000
0 0.55417578 0.25386806 0.05125781 0.08631944
0 0.87577344 0.74673611 0.04521875 0.11558333
0 0.97860937 0.77618056 0.04084375 0.08113889
0 0.49256641 0.93220139 0.05525781 0.13429167
0 0.44780469 0.88085417 0.05676562 0.15073611
0 0.42550000 0.54321528 0.06426562 0.09384722
0 0.50351953 0.52187500 0.04125781 0.07872222
0 0.47511328 0.31522222 0.04850781 0.10447222
0 0.87825781 0.12093056 0.04278125 0.08166667
0 0.52136328 0.31366667 0.04403906 0.10313889
0 0.47839063 0.58345139 0.05351562 0.11740278
0 0.44885547 0.31700000 0.03600781 0.09025000
