0 0.62011719 0.48071528 0.03289062 0.06020833
0 0.67238281 0.44655556 0.03646875 0.05788889
0 0.66310156 0.54091667 0.03289063 0.07063889
0 0.21842578 0.70273611 0.03321094 0.06888889
0 0.21500781 0.78696528 0.03289062 0.06831944
0 0.38776172 0.85006944 0.02996094 0.07988889
0 0.44019141 0.45784028 0.03386719 0.07351389
0 0.59796875 0.48273611 0.02898438 0.05616667
0 0.64551563 0.46623611 0.03159375 0.06716667
0 0.06015625 0.47057639 0.02670313 0.05615278
0 0.83439453 0.25781944 0.02833594 0.05905556
0 0.25129687 0.55145833 0.02629688 0.04811111
0 0.04208203 0.45045139 0.02233594 0.04695833
0 0.64390234 0.76772222 0.03017969 0.04311111
0 0.81582813 0.25058333 0.02506250 0.05963889
0 0.07017578 0.43861806 0.01735156 0.03320833
0 0.67767188 0.57579861 0.02223437 0.04723611
0 0.49660937 0.85638194 0.02089063 0.04329167
0 0.51632813 0.85442361 0.02203125 0.04218056
0 0.23499219 0.67170139 0.02682812 0.05681944
0 0.76437891 0.75772917 0.03092969 0.07120833
0 0.78945312 0.55481944 0.02703125 0.06600000
0 0.78277734 0.47954861 0.02605469 0.06484722
0 0.76633203 0.48447222 0.02182031 0.05616667
1 0.36073437 0.84746528 0.03451563 0.08045833
1 0.76616797 0.57565278 0.03191406 0.06830556
1 0.79271094 0.76496528 0.03354688 0.07756944
