1 0.32622656 0.57663889 0.05401562 0.13475000
0 0.27871094 0.61531944 0.04751563 0.13030556
0 0.09163281 0.20747222 0.04592188 0.09358333
0 0.16081641 0.18909028 0.04317969 0.06979167
0 0.36517969 0.05041667 0.03892187 0.08330556
0 0.81487109 0.10711111 0.04105469 0.08758333
0 0.80789062 0.04006250 0.03439062 0.06704167
0 0.83457422 0.40083333 0.05078906 0.09894444
0 0.11176563 0.28956944 0.03557813 0.11191667
0 0.12675000 0.15627083 0.03751563 0.07429167
0 0.08248828 0.27474306 0.03500781 0.09695833
0 0.84553906 0.09002778 0.03565625 0.06150000
0 0.32685156 0.30768750 0.05826563 0.10629167
0 0.37823828 0.37747917 0.04250781 0.09829167
0 0.33460156 0.38947917 0.05326563 0.10895833
0 0.11304687 0.67155556 0.04626562 0.11563889
0 0.10804297 0.58042361 0.04175781 0.09429167
0 0.07303516 0.63288194 0.04625781 0.11206944
0 0.87562891 0.85605556 0.05625781 0.10866667
0 0.39242969 0.43743750 0.04653125 0.09245833
