0 0.36370703 0.80066667 0.03444531 0.07358333
0 0.10985938 0.71053472 0.02862500 0.06037500
0 0.08522266 0.68634028 0.03278906 0.05912500
0 0.11091797 0.51652083 0.02441406 0.05131944
0 0.63675391 0.76159722 0.03721094 0.08641667
0 0.67023047 0.74568056 0.04049219 0.08683333
0 0.09439844 0.52981944 0.02518750 0.05275000
1 0.11022266 0.65761111 0.02511719 0.06202778
1 0.63725391 0.90123611 0.02941406 0.06369444
1 0.67551172 0.67670833 0.02803906 0.06111111
1 0.38358984 0.77688889 0.03002344 0.06738889
0 0.50881250 0.54811806 0.02550000 0.04654167
