0 0.28747266 0.59700000 0.04608594 0.08027778
0 0.59238281 0.14789583 0.02903125 0.06579167
0 0.56400000 0.24859028 0.02428125 0.06801389
0 0.53100391 0.20790972 0.03375781 0.05512500
0 0.54030469 0.25619444 0.03804688 0.07477778
1 0.53948047 0.97465278 0.04500781 0.05069444
1 0.30425781 0.82277778 0.04353125 0.08625000
1 0.57789062 0.94851389 0.03840625 0.08375000
0 0.51112109 0.24103472 0.03300781 0.05379167
0 0.19709375 0.45903472 0.01625000 0.04223611
0 0.21097266 0.48749306 0.02150781 0.04312500
0 0.02607422 0.92235417 0.02975781 0.07023611
0 0.57063672 0.14945139 0.02900781 0.06890278
