0 0.32238281 0.79986111 0.06429688 0.11638889
0 0.23409375 0.09779861 0.02940625 0.06648611
0 0.21464844 0.12250000 0.02476563 0.05333333
0 0.13492578 0.06988194 0.03297656 0.06920833
0 0.86334375 0.60984028 0.05837500 0.12934722
0 0.06503516 0.72894444 0.04960156 0.11822222
0 0.33871094 0.33655556 0.04117187 0.07827778
0 0.86080078 0.66700000 0.06007031 0.11430556
0 0.10122266 0.93356250 0.03467969 0.08051389
0 0.11676562 0.84064583 0.04978125 0.10662500
0 0.38830078 0.30527778 0.05414844 0.10377778
0 0.12105078 0.91028472 0.03875781 0.10806944
0 0.39043359 0.36531250 0.03760156 0.07101389
0 0.28000391 0.89786111 0.04907031 0.09475000
0 0.51945313 0.44194444 0.02921875 0.05777778
0 0.14258203 0.40220833 0.04441406 0.09386111
0 0.10204297 0.38618750 0.05247656 0.10293056
0 0.86417969 0.71888889 0.04820313 0.09777778
0 0.11309375 0.74926389 0.05221875 0.11677778
