0 0.82707031 0.58673611 0.03039062 0.06541667
0 0.67512891 0.38952083 0.02038281 0.04443056
0 0.23195312 0.16972222 0.03140625 0.05333333
0 0.17968750 0.73472222 0.03750000 0.09166667
0 0.15886719 0.81236111 0.04398438 0.08805556
0 0.14554688 0.93888889 0.04062500 0.08361111
0 0.40429688 0.84062500 0.04140625 0.09375000
0 0.79562500 0.59506944 0.03656250 0.07347222
0 0.25453125 0.21034722 0.02015625 0.04236111
0 0.15152344 0.46875000 0.02976562 0.07638889
0 0.23853516 0.20905556 0.02707031 0.06002778
0 0.66054687 0.40694444 0.01796875 0.04166667
0 0.66966406 0.45840972 0.02190625 0.03898611
0 0.68620313 0.48323611 0.02190625 0.05044444
1 0.44410156 0.85909722 0.04320313 0.09291667
1 0.13945313 0.70902778 0.03984375 0.07361111
