0 0.29910156 0.18083333 0.02992188 0.05500000
0 0.30445313 0.13909722 0.03531250 0.05041667
0 0.32164063 0.27777778 0.03640625 0.06944444
0 0.27429687 0.19381944 0.02671875 0.05708333
0 0.14453125 0.93479167 0.02859375 0.05069444
0 0.33191406 0.33041667 0.03289062 0.06666667
0 0.36082031 0.34229167 0.02742187 0.05430556
0 0.56433594 0.45201389 0.03804688 0.06513889
0 0.01796875 0.55625000 0.03125000 0.05694444
0 0.59742969 0.46150694 0.03328125 0.07790278
0 0.57785156 0.15663889 0.03025000 0.05505556
0 0.84887500 0.98191667 0.03843750 0.03616667
0 0.81678906 0.63489583 0.03782813 0.06834722
1 0.82636719 0.93229167 0.03789062 0.08541667
1 0.39218750 0.70625000 0.03593750 0.06527778
