1 0.07401172 0.76485417 0.03117969 0.07501389
1 0.81059375 0.89867361 0.03365625 0.06109722
1 0.10949609 0.55277778 0.02947656 0.05655556
1 0.26708203 0.70025000 0.03285156 0.07561111
0 0.86921094 0.74531250 0.03879688 0.08340278
0 0.23678906 0.55944444 0.02846875 0.06072222
0 0.26373437 0.75323611 0.03017188 0.06608333
0 0.08925000 0.58594444 0.02548438 0.05775000
0 0.10130859 0.61481250 0.02549219 0.05834722
0 0.23947266 0.73090972 0.03583594 0.06906944
0 0.57211719 0.80270833 0.02492187 0.06205556
0 0.11431250 0.38553472 0.03025000 0.05029167
0 0.55980469 0.82009028 0.03073438 0.05915278
0 0.13283984 0.42085417 0.02147656 0.03945833
0 0.11243359 0.34321528 0.03078906 0.04709722
0 0.25688281 0.54591667 0.02728125 0.04391667
0 0.77586328 0.90185417 0.02792969 0.06681944
0 0.83792969 0.76316667 0.03710938 0.08338889
