0 0.06892187 0.45266667 0.04653125 0.07972222
0 0.69293750 0.88068750 0.04945313 0.10095833
0 0.46038281 0.33373611 0.04700000 0.08877778
0 0.07865234 0.37671528 0.05414844 0.07520833
0 0.10488281 0.46019444 0.04568750 0.07069444
0 0.53430859 0.19778472 0.02591406 0.04665278
0 0.43059766 0.33309722 0.03891406 0.07822222
0 0.46297266 0.41133333 0.04827344 0.07511111
0 0.50992188 0.17243056 0.02531250 0.04680556
0 0.75504688 0.85500000 0.07021875 0.11430556
0 0.72368359 0.78790972 0.05630469 0.11315278
0 0.78442187 0.39438889 0.07306250 0.11475000
0 0.51839844 0.21657639 0.01957813 0.03626389
