0 0.30397266 0.77961806 0.07057031 0.15926389
0 0.37518750 0.82342361 0.07237500 0.16018056
0 0.41958594 0.74449306 0.07082812 0.13554167
0 0.34593359 0.76935417 0.02463281 0.05662500
0 0.97769531 0.48879861 0.03643750 0.07937500
0 0.31861719 0.12358333 0.05296875 0.11497222
0 0.79549219 0.10008333 0.03901563 0.07844444
0 0.35070313 0.05565972 0.03387500 0.07709722
0 0.09969922 0.92493056 0.07108594 0.13416667
0 0.82115234 0.05948611 0.02514844 0.06022222
0 0.41999609 0.35108333 0.06621094 0.10855556
0 0.35258594 0.72784722 0.03345313 0.07033333
0 0.05920313 0.95854167 0.06439062 0.08291667
0 0.69850000 0.96487500 0.05051562 0.07025000
0 0.36914453 0.14852083 0.05997656 0.13351389
0 0.36444922 0.34527083 0.06558594 0.13912500
0 0.32755859 0.30995833 0.06874219 0.14922222
0 0.38806250 0.11152778 0.05114063 0.11558333
0 0.74290234 0.96622222 0.06207031 0.06755556
0 0.82919141 0.03795139 0.03953906 0.07590278
0 0.96757031 0.54678472 0.04079687 0.08643056
0 0.04270703 0.21729861 0.07192969 0.14743056
