0 0.15480078 0.28213194 0.02880469 0.05790278
1 0.08260937 0.64332639 0.03621875 0.07259722
1 0.08714844 0.92370139 0.03695312 0.08879167
1 0.12014844 0.89094444 0.03076562 0.07477778
0 0.71362109 0.86242361 0.03619531 0.07648611
0 0.71538672 0.34132639 0.03897656 0.05004167
0 0.09003125 0.70298611 0.03807813 0.07533333
0 0.12142578 0.69388889 0.04024219 0.07813889
0 0.91792578 0.58586111 0.03711719 0.07094444
0 0.91266016 0.53716667 0.03402344 0.06494444
0 0.74408984 0.85197917 0.03774219 0.08748611
0 0.70603516 0.97878472 0.02966406 0.04243056
0 0.72873828 0.58869444 0.03333594 0.07705556
0 0.71290234 0.55424306 0.03167969 0.06520833
0 0.76145312 0.60591667 0.03459375 0.06705556
0 0.67987109 0.33547917 0.03063281 0.05965278
0 0.11999609 0.29204167 0.03010156 0.05044444
0 0.16485937 0.19440972 0.03184375 0.06459722
0 0.19010938 0.19427778 0.02706250 0.06177778
0 0.55253516 0.33896528 0.02794531 0.06434722
0 0.41662109 0.76568750 0.03325781 0.06979167
0 0.69438281 0.82299306 0.03751563 0.08798611
0 0.10805859 0.25627778 0.03342969 0.05200000
0 0.18128125 0.15671528 0.02764062 0.04787500
0 0.73625391 0.53035417 0.04207031 0.07745833
0 0.94671875 0.60338194 0.03428125 0.07454167
