0 0.57938672 0.55590972 0.02850781 0.06354167
0 0.60572656 0.59555556 0.03892188 0.07369444
0 0.38456250 0.82939583 0.03456250 0.06343056
0 0.10330469 0.39344444 0.02710938 0.03966667
0 0.22732813 0.12370833 0.01700000 0.04133333
0 0.24045703 0.12260417 0.01725781 0.04623611
0 0.61164453 0.76342361 0.03600781 0.07206944
0 0.98599219 0.36893056 0.02070312 0.04380556
0 0.89582031 0.60018056 0.02940625 0.06566667
0 0.60324609 0.52763194 0.03121094 0.07420833
0 0.43070312 0.82984028 0.03060937 0.07793056
0 0.59649219 0.36252778 0.02190625 0.06513889
0 0.60894922 0.32411806 0.03600781 0.06406944
0 0.57713672 0.35959028 0.02700781 0.05606944
0 0.55223047 0.36038889 0.03180469 0.05233333
0 0.45137109 0.82894444 0.01830469 0.06694444
0 0.23856641 0.27965278 0.02280469 0.04747222
0 0.09348047 0.29325694 0.02310156 0.05548611
0 0.07517578 0.30285417 0.02010156 0.04801389
0 0.42726953 0.77581250 0.03402344 0.05773611
0 0.07398828 0.43488889 0.02374219 0.04533333
0 0.07614063 0.59225000 0.02084375 0.05630556
0 0.40766406 0.84109028 0.03251563 0.07198611
0 0.08357422 0.38340972 0.01950781 0.04801389
1 0.20769922 0.83921528 0.01925781 0.06312500
1 0.60354297 0.70581250 0.03480469 0.07420833
1 0.06460156 0.88989583 0.02335938 0.05301389
1 0.61524609 0.97868056 0.03300781 0.04263889
