0 0.36867578 0.38069444 0.03311719 0.07350000
0 0.94492578 0.73522222 0.04405469 0.08325000
0 0.95251953 0.46813889 0.04469531 0.08288889
0 0.93478516 0.44029861 0.03567969 0.06606944
0 0.46231641 0.31663194 0.01719531 0.04290278
0 0.90693359 0.73523611 0.03092969 0.08061111
0 0.91062109 0.44736806 0.03202344 0.06262500
0 0.29116797 0.75559722 0.03952344 0.08394444
0 0.25590234 0.75806250 0.04330469 0.07148611
0 0.43426953 0.69161806 0.02422656 0.04581944
0 0.44676953 0.68543056 0.01675781 0.04627778
0 0.92298047 0.31466667 0.03178906 0.07369444
0 0.94573828 0.31333333 0.02536719 0.05269444
0 0.89913672 0.41700000 0.01803906 0.03475000
0 0.88410156 0.45309028 0.03093750 0.06415278
