0 0.51435547 0.27756944 0.03603906 0.07011111
0 0.49836328 0.66925000 0.04488281 0.08994444
0 0.54589844 0.65728472 0.04446875 0.08195833
0 0.55702734 0.32350000 0.03639844 0.07858333
0 0.50486719 0.32785417 0.03400000 0.07070833
0 0.19752344 0.63691667 0.05837500 0.10227778
0 0.20187500 0.39666667 0.04406250 0.09138889
0 0.22807031 0.37795139 0.04259375 0.09051389
0 0.56792969 0.56843056 0.03304688 0.07252778
0 0.55063281 0.61785417 0.04904688 0.10318056
0 0.50795313 0.61884028 0.04446875 0.07470833
0 0.53101172 0.34888889 0.03467969 0.06891667
0 0.17773438 0.71201389 0.05218750 0.11180556
0 0.52329297 0.70907639 0.03753906 0.08123611
