1 0.16321094 0.61343056 0.04501563 0.07825000
1 0.94748047 0.94369444 0.03850781 0.08758333
1 0.73519922 0.84629861 0.04491406 0.10359722
1 0.12794922 0.84635417 0.03600781 0.07740278
1 0.01892578 0.94215972 0.03200781 0.07606944
1 0.97128516 0.89381250 0.02713281 0.08115278
0 0.18458984 0.65344444 0.04375781 0.08180556
0 0.21947266 0.66253472 0.03800781 0.08140278
0 0.02599219 0.70300694 0.02578125 0.05956944
0 0.89570703 0.21163889 0.03127344 0.04927778
0 0.63205078 0.50429861 0.02300781 0.04668056
0 0.60641797 0.47317361 0.02175781 0.04490278
0 0.92785938 0.16499306 0.03084375 0.06334722
0 0.72756250 0.58436806 0.04440625 0.08876389
0 0.89964844 0.26297917 0.03307812 0.06531944
0 0.90093750 0.15880556 0.02876562 0.06544444
