0 0.83126172 0.83339583 0.02903906 0.05065278
0 0.95012500 0.83508333 0.02415625 0.05597222
0 0.95609766 0.48506944 0.02686719 0.05547222
0 0.97548437 0.50798611 0.02445312 0.05788889
0 0.82583594 0.42211111 0.02523437 0.05500000
0 0.18364844 0.35947917 0.03482813 0.05190278
0 0.18806250 0.40792361 0.02781250 0.06034722
0 0.42483984 0.08697917 0.01571094 0.04273611
0 0.39625781 0.08921528 0.02198437 0.04831944
0 0.39649219 0.04481944 0.02496875 0.05558333
0 0.14142578 0.78563194 0.02958594 0.06898611
0 0.55553125 0.67298611 0.03775000 0.07622222
0 0.53003516 0.63921528 0.03555469 0.07140278
0 0.86028516 0.81047917 0.03394531 0.06851389
1 0.95528125 0.64602778 0.02670312 0.05527778
0 0.55402344 0.10930556 0.02115625 0.04477778
0 0.52519531 0.85325000 0.02868750 0.06813889
0 0.38008203 0.06967361 0.01916406 0.05334722
0 0.56607031 0.11493056 0.01625000 0.04633333
0 0.63679688 0.34043056 0.02523437 0.05500000
0 0.64737891 0.17375000 0.02144531 0.04583333
0 0.93816797 0.96849306 0.02542969 0.05359722
0 0.94130469 0.70129861 0.02418750 0.04690278
0 0.94936328 0.66895833 0.01755469 0.03469444
0 0.41235547 0.08949306 0.01963281 0.03995833
