0 0.19439844 0.96296528 0.03025000 0.07298611
0 0.23850781 0.68321528 0.03204688 0.06401389
0 0.25428906 0.43275694 0.02820313 0.05815278
0 0.23283594 0.45382639 0.02790625 0.06401389
0 0.61251953 0.51809028 0.03250781 0.05723611
0 0.59458594 0.51094444 0.02570312 0.06713889
0 0.96673828 0.83110417 0.03482031 0.08523611
0 0.56583203 0.48061111 0.02988281 0.06722222
0 0.44405469 0.55354167 0.02106250 0.04105556
0 0.42172656 0.56254861 0.03240625 0.07520833
0 0.98501563 0.86438194 0.02996875 0.08065278
0 0.74911719 0.66753472 0.03420312 0.07873611
0 0.60526172 0.70274306 0.03385156 0.08001389
1 0.74924609 0.91714583 0.03772656 0.07665278
1 0.60264063 0.97351389 0.04051562 0.05297222
1 0.57277734 0.97956250 0.03714844 0.04087500
