0 0.15855078 0.56303472 0.02605469 0.05404167
0 0.14187109 0.73405556 0.02472656 0.05644444
0 0.85316406 0.64442361 0.03039063 0.07140278
0 0.01523828 0.29439583 0.02055469 0.03687500
0 0.49955469 0.32112500 0.03029688 0.06113889
0 0.51785938 0.35348611 0.02896875 0.06316667
0 0.91137109 0.29971528 0.02849219 0.05837500
0 0.87148047 0.45120139 0.02469531 0.06320833
0 0.85682813 0.83015972 0.03012500 0.05981944
0 0.13377734 0.44937500 0.02505469 0.05663889
0 0.47485937 0.54807639 0.02706250 0.04929167
1 0.47202344 0.77787500 0.02501563 0.07258333
1 0.71754297 0.87640972 0.02350781 0.07754167
1 0.12205078 0.71452778 0.02903906 0.04727778
1 0.41299219 0.97900694 0.03310938 0.04198611
0 0.85886328 0.41695139 0.03364844 0.06126389
0 0.89753516 0.44806944 0.03500781 0.06175000
0 0.86903906 0.67216667 0.02850000 0.05741667
0 0.14839844 0.44000694 0.02578125 0.04631944
0 0.14268750 0.54421528 0.02954688 0.05306944
0 0.49367578 0.81321528 0.02667969 0.06115278
0 0.45783203 0.82226389 0.03188281 0.07280556
0 0.45511719 0.53199306 0.03053125 0.06798611
0 0.53968359 0.34604861 0.02286719 0.03862500
