0 0.45619141 0.86814583 0.04938281 0.10598611
0 0.45003125 0.52245139 0.04926563 0.11606944
0 0.58926563 0.87546528 0.04807812 0.11298611
0 0.72817969 0.86811806 0.02823437 0.06506944
0 0.41441016 0.84110417 0.04835156 0.10154167
0 0.52307422 0.61814583 0.05175781 0.08890278
0 0.57358594 0.50945139 0.04526562 0.10268056
0 0.60797266 0.53656944 0.05000781 0.10980556
0 0.64537500 0.52837500 0.04595313 0.10111111
2 0.19887109 0.51944444 0.04900781 0.08305556
1 0.54308984 0.85018056 0.05105469 0.11525000
0 0.54426953 0.67434722 0.04257031 0.11408333
0 0.29348828 0.55301389 0.03161719 0.05016667
