0 0.66703516 0.20039583 0.04033594 0.07445833
0 0.18007031 0.02675000 0.02648438 0.05350000
0 0.12023438 0.47622917 0.04589063 0.09312500
0 0.19999609 0.22406250 0.02975781 0.04023611
0 0.19545313 0.02005556 0.01912500 0.03777778
0 0.18944531 0.06741667 0.02004687 0.04708333
0 0.22101172 0.27818750 0.03389844 0.07006944
0 0.65810547 0.42622917 0.03849219 0.08923611
0 0.73292578 0.44045833 0.04960156 0.10566667
0 0.69521094 0.39775694 0.04742188 0.11443056
0 0.67273047 0.26554167 0.03880469 0.09197222
0 0.63824219 0.22393056 0.04065625 0.09636111
0 0.70964844 0.24388889 0.04929688 0.09694444
1 0.74864062 0.79943750 0.05696875 0.12537500
