1 0.26208203 0.57007639 0.03003906 0.06270833
1 0.70563281 0.68777778 0.03660938 0.07605556
1 0.23861328 0.72215972 0.03417969 0.06465278
1 0.47798047 0.54286111 0.03624219 0.06752778
1 0.43398828 0.79247917 0.03391406 0.07545833
1 0.19705859 0.68790972 0.03682031 0.06409722
0 0.12244141 0.68879167 0.02519531 0.05000000
0 0.22574219 0.78129861 0.03062500 0.07031944
0 0.11304297 0.82606944 0.02422656 0.05719444
0 0.15709766 0.35630556 0.02616406 0.04311111
0 0.78871094 0.56975694 0.02034375 0.04334722
0 0.80848438 0.58196528 0.02310938 0.04420833
0 0.78741406 0.60780556 0.01584375 0.03675000
0 0.46381250 0.30371528 0.03165625 0.05398611
0 0.11071875 0.49702778 0.02500000 0.04961111
0 0.13348828 0.49944444 0.02364844 0.04961111
0 0.10848828 0.66241667 0.02907031 0.05994444
0 0.46318750 0.57931944 0.02785938 0.06691667
0 0.48102734 0.38895833 0.02116406 0.05911111
0 0.69790625 0.74746528 0.02218750 0.06054167
0 0.24060938 0.59600694 0.02839062 0.07151389
0 0.20607031 0.74217361 0.03275000 0.07062500
0 0.64377734 0.54125000 0.03246094 0.05886111
0 0.14982812 0.33665972 0.02751562 0.05137500
0 0.66824609 0.52057639 0.03133594 0.06173611
0 0.77294141 0.86686111 0.02067969 0.04322222
0 0.68735937 0.72483333 0.02828125 0.07033333
0 0.76658594 0.60019444 0.01743750 0.03991667
