0 0.51989453 0.61914583 0.01938281 0.04187500
0 0.04503906 0.23384028 0.02570312 0.05370833
0 0.00671484 0.29202778 0.01342969 0.04847222
0 0.01175391 0.32753472 0.02350781 0.05465278
0 0.04139063 0.31240972 0.02639063 0.05279167
0 0.90687500 0.50020833 0.02912500 0.05316667
0 0.73338672 0.59116667 0.03585156 0.05361111
0 0.51094141 0.33707639 0.03946094 0.06781944
0 0.49896875 0.42460417 0.03042187 0.06598611
0 0.49433203 0.55474306 0.03041406 0.06140278
0 0.52344141 0.54145139 0.03405469 0.07148611
0 0.48131250 0.76415972 0.03634375 0.07698611
0 0.51353125 0.86152778 0.03273437 0.08661111
0 0.34672656 0.35259722 0.02896875 0.05852778
0 0.95995703 0.86327083 0.03422656 0.06979167
0 0.45852734 0.82827083 0.03875781 0.08818056
0 0.93938281 0.65982639 0.03231250 0.06609722
0 0.50041016 0.59672917 0.03500781 0.07631944
0 0.05814453 0.20172917 0.02205469 0.04506944
0 0.06934766 0.23168056 0.02639844 0.05988889
0 0.34328906 0.53217361 0.03300000 0.06356944
0 0.94591406 0.43032639 0.03456250 0.04995833
0 0.53989844 0.61451389 0.03354687 0.06741667
0 0.95817188 0.63264583 0.03273438 0.06781944
0 0.93392578 0.85786111 0.03275781 0.04902778
0 0.77857031 0.62898611 0.02778125 0.07288889
0 0.75677734 0.62049306 0.03594531 0.07195833
0 0.72734375 0.54686111 0.03507813 0.06486111
