1 0.60432031 0.46726389 0.03292187 0.06436111
0 0.75787109 0.87790972 0.02580469 0.07420833
0 0.33070312 0.97727778 0.02754687 0.04544444
0 0.93311328 0.74353472 0.03703906 0.07162500
1 0.60573828 0.52422222 0.03121094 0.07100000
1 0.31066016 0.86415972 0.03053906 0.07112500
1 0.28803125 0.65232639 0.03178125 0.07512500
1 0.11398437 0.72146528 0.03078125 0.05601389
0 0.34005469 0.78734028 0.02587500 0.05587500
0 0.79865234 0.20465972 0.03063281 0.05190278
0 0.82375391 0.21984028 0.02669531 0.04745833
0 0.92648438 0.96738194 0.02578125 0.05334722
0 0.73026563 0.89124306 0.03420312 0.06568056
0 0.63310156 0.53811806 0.03062500 0.06109722
0 0.33941016 0.72737500 0.02528906 0.05819444
0 0.27078516 0.70990278 0.03675781 0.08002778
0 0.09074219 0.73813194 0.03025000 0.06445833
0 0.24578516 0.72234722 0.03125781 0.07913889
0 0.35154688 0.75035417 0.02578125 0.07023611
0 0.22319531 0.37775000 0.02485938 0.04477778
