0 0.53761328 0.92327083 0.07872656 0.13995833
0 0.48896875 0.45281944 0.04621875 0.12838889
0 0.42435547 0.32986806 0.06364844 0.12040278
0 0.39036719 0.28925694 0.06414063 0.13840278
0 0.42267969 0.20134028 0.06609375 0.11576389
0 0.48685938 0.87379861 0.07698438 0.17295833
0 0.25929687 0.50826389 0.08203125 0.15791667
0 0.55041797 0.82863889 0.08636719 0.19219444
0 0.49174219 0.18620833 0.06292188 0.12536111
0 0.54824219 0.11986111 0.07164063 0.14361111
0 0.56946094 0.32895139 0.06267188 0.17059722
