0 0.30394531 0.27779167 0.04826562 0.08047222
0 0.21630078 0.33892361 0.04250781 0.09068056
0 0.23006250 0.52152083 0.03828125 0.10362500
0 0.18844141 0.55753472 0.05150781 0.09651389
0 0.20569922 0.50862500 0.03450781 0.06272222
0 0.75634375 0.79902778 0.05281250 0.09655556
0 0.24917187 0.33425000 0.03828125 0.08847222
0 0.75872656 0.31640278 0.02312500 0.06261111
0 0.62564063 0.07664583 0.04023438 0.05556944
0 0.60335156 0.10350000 0.04396875 0.07669444
0 0.21098438 0.85729861 0.04428125 0.11473611
0 0.56020703 0.09831250 0.04899219 0.09890278
0 0.73528125 0.29769444 0.03584375 0.06963889
0 0.17611328 0.80238889 0.04850781 0.12586111
0 0.79992578 0.80970833 0.04999219 0.11288889
0 0.82526953 0.77918750 0.05039844 0.09218056
0 0.17349609 0.52586111 0.04713281 0.08655556
0 0.85445312 0.57330556 0.04817188 0.11041667
0 0.77767578 0.30276389 0.03192969 0.06491667
0 0.27771484 0.34246528 0.04182031 0.09915278
0 0.54642188 0.74515972 0.05696875 0.12651389
1 0.50810547 0.68579861 0.05403906 0.13234722
