0 0.06064063 0.68295833 0.03000000 0.06533333
0 0.49476172 0.74279861 0.02899219 0.06379167
0 0.00770312 0.63024306 0.01540625 0.04670833
0 0.01748437 0.45472917 0.02281250 0.04381944
0 0.31726172 0.36335417 0.02607031 0.07773611
0 0.29890625 0.29100000 0.03209375 0.05375000
0 0.27819531 0.55272222 0.02746875 0.06450000
0 0.07992969 0.72306250 0.02770313 0.06615278
0 0.28767969 0.58679167 0.02631250 0.06002778
0 0.47710938 0.71759028 0.03767187 0.07715278
0 0.15285156 0.28765972 0.02018750 0.04659722
0 0.65584375 0.61802778 0.01664062 0.03658333
0 0.09255469 0.55077778 0.02723437 0.06202778
0 0.96207813 0.87889583 0.03206250 0.06251389
0 0.63043359 0.64761806 0.02002344 0.03879167
0 0.63967578 0.88320139 0.01996094 0.04340278
0 0.63746094 0.61029167 0.01792187 0.03936111
0 0.66047656 0.58214583 0.02067188 0.04395833
0 0.48076172 0.51261111 0.03164844 0.05788889
0 0.45681641 0.53308333 0.02883594 0.06077778
0 0.62505469 0.61595833 0.01342187 0.04200000
1 0.09066016 0.66927778 0.03235156 0.06547222
1 0.29935547 0.51963889 0.03258594 0.06450000
1 0.25179688 0.75510417 0.03234375 0.07401389
1 0.05121875 0.63395833 0.02465625 0.06077778
0 0.30133984 0.33735417 0.03082031 0.05568056
1 0.50289453 0.68513194 0.03472656 0.08240278
1 0.11395313 0.52720833 0.02770313 0.05788889
