0 0.03484375 0.61945833 0.03878125 0.07872222
0 0.40057422 0.49927778 0.02066406 0.04322222
0 0.06797656 0.63034722 0.03603125 0.07561111
0 0.38051953 0.47009722 0.01944531 0.04352778
0 0.71667188 0.20680556 0.03146875 0.05486111
0 0.77939844 0.11640972 0.02896875 0.05931944
0 0.72552734 0.25274306 0.04125781 0.07487500
0 0.69395703 0.24033333 0.03313281 0.06041667
1 0.78735156 0.93460417 0.03728125 0.08051389
1 0.51049219 0.85293056 0.04082812 0.09311111
1 0.54779297 0.82950694 0.04046094 0.09245833
1 0.02034766 0.58055556 0.03825781 0.06672222
1 0.75730859 0.96893750 0.04525781 0.06212500
0 0.25931641 0.69166667 0.04569531 0.07397222
0 0.76994141 0.15512500 0.02672656 0.07133333
0 0.47985938 0.61901389 0.03153125 0.06475000
