0 0.89397656 0.37453472 0.03831250 0.07618056
0 0.76033984 0.59939583 0.04044531 0.12245833
0 0.30217578 0.03875694 0.04388281 0.07751389
0 0.60628906 0.24806944 0.03785937 0.10002778
0 0.28745312 0.44461111 0.04148438 0.10411111
0 0.72730469 0.57856250 0.04773438 0.10679167
0 0.93055469 0.40430556 0.02771875 0.05019444
0 0.89526563 0.44853472 0.04593750 0.10223611
0 0.86129297 0.44331250 0.03541406 0.09626389
0 0.72600781 0.71816667 0.05259375 0.08758333
0 0.31600781 0.38015972 0.06025000 0.11223611
0 0.94843359 0.39375000 0.05367969 0.11100000
0 0.93785156 0.46641667 0.06098437 0.12008333
0 0.76115625 0.75540972 0.05746875 0.13634722
1 0.77362500 0.53935417 0.04542187 0.09398611
