0 0.53711719 0.25523611 0.05003125 0.11891667
0 0.50409375 0.74430556 0.06629688 0.16163889
0 0.75100391 0.28443750 0.04957031 0.13623611
0 0.69687109 0.30984722 0.04896094 0.09622222
0 0.57085156 0.60563194 0.05565625 0.13515278
0 0.17397656 0.79356250 0.04984375 0.09020833
0 0.20923438 0.80743750 0.03814063 0.11262500
0 0.20803125 0.96654861 0.05014063 0.06690278
0 0.56527344 0.72875000 0.06604688 0.15369444
0 0.83623438 0.60925694 0.06184375 0.13981944
0 0.78507422 0.63245833 0.06388281 0.12436111
0 0.44720703 0.26672222 0.05980469 0.12855556
0 0.71397266 0.25845833 0.05725781 0.09158333
0 0.79437109 0.28979861 0.03050781 0.06001389
0 0.82937500 0.25200694 0.06501563 0.08401389
0 0.77861328 0.35559028 0.05250781 0.13026389
0 0.76369531 0.09077778 0.04665625 0.09116667
0 0.97389453 0.03665278 0.05221094 0.07330556
0 0.49872266 0.26934722 0.06900781 0.13300000
