1 0.31163281 0.58361111 0.03745312 0.07483333
0 0.29565625 0.78531250 0.02960937 0.07520833
0 0.77776172 0.06359722 0.02352344 0.04702778
0 0.34628906 0.31659722 0.01867187 0.03986111
0 0.81676172 0.09395139 0.02196094 0.04343056
0 0.79640625 0.08631250 0.02467188 0.04662500
0 0.79923047 0.04249306 0.02580469 0.05226389
0 0.55898828 0.31729861 0.03283594 0.06518056
0 0.55926172 0.37277778 0.02849219 0.06711111
0 0.49250391 0.79106250 0.03338281 0.07579167
0 0.25355859 0.92978472 0.02985156 0.05981944
0 0.28992187 0.61159028 0.02551563 0.05456944
0 0.26075000 0.61617361 0.04206250 0.07434722
0 0.12696094 0.51100000 0.02523437 0.04347222
