0 0.59506641 0.45551389 0.02882031 0.05597222
0 0.62211328 0.43974306 0.04922656 0.10170833
0 0.84256641 0.82094444 0.04742969 0.11661111
0 0.47164453 0.05977083 0.03928906 0.08120833
0 0.33922266 0.16629861 0.03210156 0.06615278
0 0.56600781 0.96090972 0.05673438 0.07818056
0 0.78271094 0.88023611 0.05465625 0.11497222
0 0.86578906 0.22119444 0.05081250 0.09800000
0 0.81519922 0.47690972 0.05774219 0.12368056
0 0.30612891 0.43854861 0.04439844 0.08809722
1 0.14785547 0.95250694 0.05777344 0.09498611
1 0.57217578 0.91402778 0.04747656 0.11291667
