0 0.87812891 0.05281944 0.04525781 0.09025000
0 0.87220313 0.93177778 0.05651562 0.12525000
0 0.02352734 0.70370139 0.03722656 0.08304167
0 0.43632031 0.92915278 0.06426562 0.14077778
0 0.04310547 0.97333333 0.04125781 0.05333333
0 0.88382031 0.87541667 0.05504688 0.11977778
0 0.11049219 0.18659028 0.03631250 0.09020833
0 0.14603516 0.18125694 0.03003906 0.06354167
0 0.13598437 0.22365972 0.02614062 0.06406944
0 0.02366406 0.42667361 0.04732812 0.07520833
0 0.06471484 0.46345833 0.04744531 0.11902778
0 0.10598047 0.46479167 0.04774219 0.10461111
0 0.05260937 0.75084722 0.04926563 0.11513889
0 0.12217969 0.42958333 0.04714063 0.10780556
0 0.09362500 0.72305556 0.04725000 0.10402778
0 0.90541016 0.83846528 0.05303906 0.11870833
0 0.93960547 0.06828472 0.04375781 0.07154167
0 0.83598047 0.92820833 0.02986719 0.05927778
0 0.84657422 0.84099306 0.05591406 0.12070833
0 0.11324609 0.65748611 0.04250781 0.09291667
