0 0.68171875 0.40833333 0.06421875 0.11416667
0 0.05852734 0.43712500 0.05553906 0.12822222
0 0.68398047 0.08888194 0.05133594 0.10601389
0 0.29396094 0.90545139 0.07392187 0.16062500
0 0.69100781 0.02439583 0.04050000 0.04879167
0 0.73324219 0.03084722 0.05756250 0.06169444
0 0.19912891 0.93978472 0.07242969 0.12043056
0 0.90356250 0.06952778 0.04050000 0.08758333
0 0.24916016 0.96633333 0.07242969 0.06733333
0 0.69271094 0.50912500 0.08139062 0.13552778
0 0.75730078 0.47328472 0.08363281 0.12756944
0 0.74647266 0.36648611 0.07691406 0.13408333
