0 0.75523828 0.31848611 0.04610156 0.06744444
1 0.33635938 0.82629861 0.03837500 0.09848611
0 0.35187500 0.52597917 0.04209375 0.08854167
0 0.37333594 0.55356944 0.04084375 0.09558333
0 0.41239844 0.55820139 0.04398437 0.09298611
0 0.41750391 0.46392361 0.04169531 0.07187500
0 0.31884375 0.62229167 0.04771875 0.07816667
0 0.24354297 0.79356250 0.04375781 0.08306944
0 0.27210547 0.82705556 0.04463281 0.09450000
0 0.54171484 0.84536806 0.03144531 0.05190278
0 0.51592578 0.85492361 0.02988281 0.06051389
0 0.49127734 0.86296528 0.02535156 0.06115278
0 0.48320313 0.81988194 0.03525000 0.05093056
2 0.10815625 0.52319444 0.04315625 0.06150000
