1 0.42262109 0.97302083 0.03150781 0.05395833
1 0.08157422 0.80441667 0.02430469 0.05958333
1 0.40499609 0.69979167 0.03125781 0.07208333
0 0.91316016 0.52291667 0.03000781 0.06969444
0 0.20989453 0.80106250 0.03632031 0.06687500
0 0.37201172 0.80450694 0.02650781 0.04890278
0 0.84741406 0.35602083 0.01771875 0.04634722
0 0.89794531 0.54811111 0.03042187 0.06672222
0 0.87512891 0.52477083 0.03063281 0.06301389
0 0.71675391 0.60478472 0.03257031 0.06662500
0 0.10580078 0.29608333 0.01814844 0.03966667
0 0.23192187 0.81672222 0.02376563 0.07047222
0 0.25352734 0.98103472 0.02808594 0.03793056
0 0.22107422 0.97346528 0.03750781 0.05306944
0 0.41473437 0.75488889 0.03728125 0.07825000
0 0.27195313 0.81001389 0.02128125 0.06225000
0 0.25120703 0.80579167 0.02925781 0.07513889
0 0.39462109 0.55261806 0.02450781 0.06134722
0 0.42273437 0.32322917 0.03528125 0.06134722
0 0.40948438 0.36368056 0.02528125 0.06580556
0 0.38523828 0.36189583 0.02975781 0.05423611
0 0.36323828 0.36235417 0.03175781 0.05245833
0 0.81667969 0.71889583 0.01667187 0.04301389
0 0.86043750 0.77056944 0.03167188 0.06708333
0 0.86918750 0.17672222 0.02542187 0.05227778
0 0.84908203 0.72926389 0.02146094 0.03411111
0 0.86908594 0.78094444 0.01729688 0.03522222
0 0.86908594 0.34398611 0.02104688 0.05041667
0 0.86200000 0.36713889 0.02229688 0.05672222
