1 0.02152344 0.61706250 0.02426562 0.05918056
0 0.47978906 0.97959722 0.03229687 0.04080556
1 0.23866797 0.73361806 0.03267969 0.06201389
1 0.78781641 0.52072222 0.02500781 0.06494444
1 0.78501172 0.46652778 0.02727344 0.05841667
1 0.47804688 0.65597917 0.03015625 0.07423611
1 0.47371094 0.87340972 0.03181250 0.07523611
0 0.88927734 0.86924306 0.03182031 0.06554167
0 0.21621484 0.75644444 0.03182031 0.07094444
0 0.02379688 0.66300694 0.02442188 0.05379167
0 0.02787109 0.49039583 0.02139844 0.05006944
0 0.01484375 0.50610417 0.01860938 0.04593056
0 0.93815234 0.23176389 0.02474219 0.04541667
0 0.88616406 0.82614583 0.02917188 0.04995833
0 0.52805469 0.75712500 0.02493750 0.07102778
0 0.46730078 0.71553472 0.03877344 0.08745833
0 0.43460547 0.73143056 0.03819531 0.09063889
0 0.91490234 0.85275694 0.02760156 0.06562500
0 0.48966797 0.22595833 0.02760156 0.05072222
0 0.96075000 0.24883333 0.02606250 0.04605556
