0 0.09317578 0.35496528 0.05052344 0.11384722
0 0.94087109 0.91288889 0.08322656 0.14883333
0 0.88618359 0.18254167 0.04063281 0.10619444
0 0.88657422 0.10277083 0.05058594 0.11459722
0 0.82447656 0.13896528 0.05059375 0.11531944
0 0.81272656 0.06831944 0.05221875 0.12113889
0 0.82950000 0.10749306 0.05837500 0.13837500
0 0.95205469 0.82583333 0.05989063 0.12277778
0 0.87433594 0.07086111 0.06201562 0.13055556
0 0.52240625 0.66586806 0.05698437 0.11490278
0 0.49737500 0.61798611 0.05665625 0.13458333
0 0.06243750 0.34843750 0.03770312 0.08443056
0 0.05450391 0.39537500 0.03427344 0.05875000
0 0.68741406 0.79057639 0.03759375 0.08606944
0 0.85156641 0.18263194 0.04749219 0.10095833
