0 0.94441016 0.07014583 0.04641406 0.11593056
0 0.06553906 0.11426389 0.06345312 0.11280556
0 0.09244922 0.13171528 0.05141406 0.08704167
0 0.12239844 0.21715972 0.03998437 0.08776389
0 0.59394531 0.68256944 0.03601562 0.07791667
0 0.84684375 0.93201389 0.08460937 0.13597222
0 0.09710156 0.17980556 0.04079687 0.07252778
0 0.88726563 0.52729861 0.05281250 0.10262500
0 0.89304687 0.65340278 0.06703125 0.14236111
0 0.47816406 0.58055556 0.06539062 0.13750000
0 0.94780859 0.63437500 0.07217969 0.14763889
0 0.90651172 0.03898611 0.05639844 0.07797222
0 0.11330859 0.76059028 0.03019531 0.06168056
0 0.24477344 0.76893750 0.02290625 0.05006944
0 0.92589844 0.10304167 0.05757813 0.11488889
