1 0.36156250 0.71402778 0.04625000 0.08027778
0 0.44741406 0.13674306 0.03970313 0.05373611
0 0.97078125 0.58722222 0.04000000 0.08000000
1 0.69121094 0.85979167 0.04101562 0.09902778
0 0.40964844 0.48236111 0.03976562 0.08583333
0 0.38511719 0.82909722 0.04226563 0.09930556
0 0.40777344 0.74791667 0.04210937 0.09750000
0 0.36093750 0.96388889 0.03906250 0.07222222
0 0.65238281 0.85409722 0.04242188 0.06875000
0 0.47480469 0.18097222 0.02304688 0.04555556
0 0.37617187 0.45138889 0.03984375 0.07777778
