1 0.14566016 0.91193750 0.02760156 0.06193056
1 0.77226172 0.94872917 0.03402344 0.07973611
1 0.77071484 0.66521528 0.03180469 0.07206944
0 0.17776953 0.38754861 0.01980469 0.05554167
0 0.75918750 0.55482639 0.03535937 0.06165278
0 0.77799609 0.72201389 0.03935156 0.06513889
0 0.74266016 0.32247917 0.02375781 0.05779167
0 0.76453906 0.28469444 0.03834375 0.06594444
0 0.75230859 0.93525000 0.02072656 0.06377778
0 0.36111328 0.22243750 0.02160156 0.04431944
0 0.05038672 0.80631250 0.02310156 0.05126389
0 0.73567578 0.51919444 0.02938281 0.06225000
0 0.76318359 0.48881250 0.03438281 0.07334722
0 0.71390234 0.32173611 0.03000781 0.05038889
0 0.55437109 0.80770833 0.03067969 0.07102778
0 0.19112109 0.34556944 0.03000781 0.04938889
0 0.32045313 0.83473611 0.02887500 0.05911111
0 0.60063672 0.80450000 0.03299219 0.08477778
0 0.15498438 0.35601389 0.02025000 0.05250000
0 0.16673828 0.33600694 0.02275781 0.05695833
0 0.57073828 0.81572917 0.02989844 0.07698611
0 0.15631641 0.39341667 0.03030469 0.04913889
0 0.15136328 0.24190972 0.02460156 0.05340278
0 0.17446875 0.23017361 0.02520312 0.05659722
