0 0.29126562 0.40689583 0.02520312 0.06856944
0 0.26677734 0.40497222 0.03241406 0.05575000
0 0.12183984 0.44626389 0.03492969 0.04616667
0 0.29702344 0.75994444 0.03240625 0.07688889
0 0.31628906 0.78170833 0.01835938 0.03719444
0 0.17787891 0.50195139 0.03092969 0.05234722
0 0.86579688 0.54622222 0.03159375 0.06869444
0 0.64217969 0.69073611 0.03340625 0.07661111
0 0.51180859 0.76325694 0.03733594 0.08640278
0 0.13534375 0.67767361 0.02304688 0.06090278
0 0.18547656 0.30179861 0.02153125 0.05423611
0 0.33609375 0.38064583 0.02700000 0.05704167
0 0.16721094 0.48243750 0.02989062 0.05959722
