0 0.25893359 0.72914583 0.03208594 0.07801389
0 0.93328906 0.61960417 0.03071875 0.05540278
0 0.98599219 0.70149306 0.02801562 0.07062500
0 0.06830078 0.67189583 0.01967969 0.03501389
0 0.08264062 0.66803472 0.01689063 0.04087500
0 0.09541797 0.94470833 0.02319531 0.05002778
0 0.24534766 0.95845139 0.02147656 0.04009722
0 0.49366016 0.72112500 0.02191406 0.04505556
0 0.47185547 0.70451389 0.03414844 0.07522222
0 0.27687500 0.31148611 0.02925000 0.07713889
0 0.84829687 0.45986806 0.03356250 0.08054167
0 0.46351172 0.41743750 0.04064844 0.06245833
0 0.76949219 0.77840972 0.03746875 0.07162500
0 0.29023437 0.12659722 0.02310938 0.04586111
0 0.28810156 0.30711806 0.02371875 0.04879167
0 0.30920312 0.31506944 0.02954687 0.06894444
0 0.29809766 0.28391667 0.02133594 0.03791667
0 0.27616406 0.46636111 0.03328125 0.07027778
0 0.48271484 0.74259722 0.03875781 0.06569444
0 0.22299609 0.44395139 0.03341406 0.05462500
0 0.25178125 0.43534028 0.03221875 0.06231944
0 0.77805469 0.75911806 0.01976562 0.04162500
0 0.51664062 0.70929167 0.03823437 0.08019444
0 0.67978516 0.75663889 0.02513281 0.05575000
0 0.87016406 0.44866667 0.03651563 0.07063889
0 0.78898828 0.43204861 0.03694531 0.06415278
0 0.49101563 0.42636111 0.03629688 0.06300000
0 0.52087500 0.42158333 0.03715625 0.07561111
