0 0.34935547 0.56365972 0.01802344 0.03737500
1 0.80828125 0.32618056 0.03687500 0.06958333
0 0.77417969 0.68243056 0.03882812 0.07930556
0 0.13718750 0.54838889 0.05359375 0.10677778
0 0.85437500 0.70680556 0.03484375 0.07694444
0 0.79339844 0.28486111 0.04195313 0.08250000
0 0.71742187 0.68090278 0.03234375 0.06430556
0 0.40846484 0.94215278 0.02510156 0.05402778
0 0.85217188 0.35434722 0.03229688 0.06325000
0 0.37355469 0.95729167 0.02164062 0.04875000
0 0.83996094 0.40437500 0.03414063 0.05708333
0 0.74675781 0.70347222 0.03304687 0.06694444
