0 0.47887109 0.24595139 0.02708594 0.05693056
0 0.04302734 0.53050000 0.02374219 0.04858333
0 0.11766406 0.44114583 0.02396875 0.06048611
1 0.82159375 0.97237500 0.03534375 0.05525000
1 0.85782422 0.96137500 0.05000781 0.07725000
0 0.83179297 0.69320139 0.03560156 0.08304167
0 0.02930078 0.50995833 0.02200781 0.04850000
0 0.29157031 0.77225694 0.03084375 0.06779167
0 0.45628516 0.43869444 0.02952344 0.05961111
0 0.43944141 0.46182639 0.02917969 0.06945833
0 0.63913281 0.56700000 0.03060937 0.07633333
0 0.41305469 0.67598611 0.03943750 0.06919444
0 0.81180078 0.52086806 0.03069531 0.06231944
0 0.15583203 0.41994444 0.02700781 0.05427778
0 0.31550391 0.83950000 0.03007031 0.06372222
0 0.11607422 0.75757639 0.02700781 0.06362500
0 0.77851953 0.48138194 0.02850781 0.06087500
0 0.94160938 0.65451389 0.03301562 0.07319444
0 0.44315234 0.70379167 0.03050781 0.07161111
0 0.09845703 0.44194444 0.02472656 0.04583333
