0 0.10384375 0.78260417 0.02895312 0.05829167
0 0.60550391 0.04988194 0.02578906 0.05351389
0 0.12340625 0.78441667 0.02284375 0.06030556
0 0.08982031 0.62862500 0.03301562 0.06794444
0 0.11176172 0.62359722 0.02125781 0.05066667
0 0.30228906 0.79747917 0.03234375 0.07034722
0 0.58521875 0.07442361 0.02054688 0.05187500
0 0.62507031 0.09780556 0.02565625 0.04327778
0 0.60360547 0.09372917 0.02328906 0.04679167
0 0.75160156 0.13872222 0.01875000 0.04536111
0 0.82907812 0.21229861 0.01793750 0.04101389
1 0.13358203 0.59987500 0.03233594 0.06513889
0 0.75671094 0.67905556 0.03482813 0.06994444
