0 0.52732813 0.75354167 0.03054688 0.07416667
0 0.41616797 0.67583333 0.04935156 0.10758333
0 0.76819922 0.72980556 0.02617969 0.04291667
0 0.74371094 0.55272222 0.03279688 0.06005556
0 0.73626953 0.71095833 0.02546094 0.04700000
0 0.52515234 0.32122917 0.04171094 0.08773611
0 0.23557422 0.56433333 0.01877344 0.04005556
0 0.37242578 0.67440972 0.03578906 0.07659722
0 0.49255078 0.40217361 0.03760156 0.07206944
0 0.24646094 0.54530556 0.02328125 0.03938889
0 0.06265234 0.28643056 0.02974219 0.06055556
0 0.82711719 0.65534028 0.05406250 0.10154167
0 0.50606250 0.34003472 0.03407813 0.07520833
0 0.52071484 0.71378472 0.04575781 0.08781944
1 0.48520312 0.32280556 0.05110937 0.09713889
