0 0.46993750 0.43838194 0.04145312 0.07820833
0 0.07511719 0.61730556 0.03965625 0.08530556
0 0.11717187 0.60059028 0.03525000 0.07659722
0 0.44625000 0.44440278 0.04484375 0.09325000
0 0.55144531 0.65031944 0.02610937 0.06383333
0 0.46105859 0.34588194 0.05583594 0.10379167
0 0.39144531 0.84840278 0.05242188 0.13819444
0 0.28760547 0.60219444 0.04030469 0.07150000
0 0.06307422 0.54358333 0.05336719 0.10358333
0 0.12353906 0.49222917 0.04700000 0.09834722
0 0.38914453 0.27443750 0.07783594 0.14137500
0 0.41073437 0.34362500 0.07532813 0.13836111
0 0.42679297 0.38724306 0.06175781 0.11129167
0 0.10133594 0.31065972 0.03923438 0.08145833
0 0.09726562 0.25338194 0.05414063 0.09023611
0 0.12814453 0.30602083 0.04991406 0.09626389
0 0.04916797 0.61818056 0.04553906 0.08877778
0 0.10378125 0.68410417 0.05400000 0.10818056
0 0.06844922 0.46015972 0.05797656 0.10773611
