0 0.88426563 0.86922917 0.06346875 0.11726389
0 0.02784766 0.57081944 0.05530469 0.12061111
0 0.05571875 0.53548611 0.03154688 0.06991667
0 0.07062891 0.59041667 0.04753906 0.10294444
0 0.07375781 0.24566667 0.04840625 0.08677778
0 0.09722266 0.17044444 0.05025781 0.11241667
0 0.11219141 0.25913889 0.05285156 0.11372222
0 0.58986328 0.16156944 0.06741406 0.11163889
0 0.53230469 0.16203472 0.05807813 0.13468056
0 0.47655859 0.20582639 0.06482031 0.13745833
0 0.51747266 0.48611806 0.05341406 0.11154167
0 0.95986719 0.96669444 0.06409375 0.06661111
0 0.11496094 0.76762500 0.04360938 0.09794444
0 0.25391016 0.64181250 0.03621094 0.06181944
0 0.94151172 0.63686111 0.05849219 0.14613889
0 0.10535156 0.68058333 0.06356250 0.11175000
0 0.10928516 0.54047917 0.06183594 0.11523611
1 0.54046484 0.91802083 0.07405469 0.16395833
1 0.56751172 0.51465278 0.06533594 0.15588889
1 0.91151953 0.94130556 0.06471094 0.11738889
