2 0.55491797 0.68782639 0.02916406 0.06848611
0 0.27819531 0.72720139 0.04825000 0.10243056
0 0.36317188 0.48873611 0.04753125 0.09411111
0 0.64908203 0.11936806 0.05113281 0.06848611
0 0.29907812 0.51242361 0.04609375 0.10434722
0 0.33454688 0.54475000 0.04717188 0.09986111
0 0.58354688 0.55595833 0.02881250 0.06850000
0 0.55923828 0.54890972 0.02700781 0.06337500
0 0.63576172 0.56107639 0.04321094 0.09026389
0 0.32878125 0.80465972 0.05509375 0.10370833
0 0.28143359 0.81329861 0.04753906 0.11715278
0 0.32849219 0.74550694 0.05065625 0.07101389
0 0.66941016 0.51589583 0.04644531 0.10173611
