1 0.55269141 0.78656944 0.03328906 0.07733333
1 0.52910547 0.59568750 0.02591406 0.06309722
1 0.15073438 0.87093056 0.03256250 0.07091667
0 0.57107812 0.26435417 0.02323438 0.06454167
1 0.80239062 0.80415278 0.03034375 0.06800000
0 0.41871875 0.47990972 0.03175000 0.05209722
0 0.41912500 0.57036806 0.03093750 0.05740278
0 0.95354297 0.51225694 0.02602344 0.04895833
0 0.94046875 0.68638194 0.02264063 0.05237500
0 0.58512109 0.27054861 0.02607031 0.05837500
0 0.53933984 0.50017361 0.02985156 0.06851389
0 0.41830859 0.61788889 0.02713281 0.05886111
0 0.17376172 0.87268056 0.02319531 0.07011111
0 0.44439844 0.59537500 0.02900000 0.03322222
0 0.05258203 0.74518056 0.02041406 0.04844444
0 0.53070312 0.78393056 0.02764062 0.05641667
0 0.54437891 0.58683333 0.02328906 0.04869444
0 0.35504297 0.51647222 0.02277344 0.05766667
0 0.41976953 0.78974306 0.03188281 0.05954167
0 0.20678125 0.18374306 0.02751563 0.04790278
0 0.21968750 0.32194444 0.01753125 0.03952778
0 0.42142969 0.26733333 0.01846875 0.03886111
0 0.05317578 0.82437500 0.03121094 0.06077778
0 0.03580469 0.85018750 0.02523437 0.06320833
0 0.21952734 0.67384722 0.03338281 0.05886111
0 0.22332422 0.50788889 0.02849219 0.06850000
0 0.37149609 0.51705556 0.03121094 0.05788889
0 0.39646484 0.50065278 0.03338281 0.06272222
