0 0.14184766 0.59624306 0.05972656 0.11837500
0 0.70815625 0.65960417 0.05507812 0.10734722
1 0.48474219 0.93577083 0.06429687 0.12845833
0 0.41832422 0.92186806 0.09852344 0.15626389
0 0.18052734 0.64715972 0.05972656 0.11576389
0 0.20775000 0.69790972 0.04846875 0.09748611
0 0.10914062 0.93020833 0.05921875 0.10513889
0 0.74800000 0.56898611 0.06485938 0.13536111
0 0.34726563 0.16765278 0.04821875 0.11430556
0 0.33584375 0.11802083 0.04737500 0.12331944
0 0.41748828 0.06652778 0.06683594 0.13305556
0 0.74489844 0.29925694 0.06006250 0.11279167
0 0.69737891 0.82412500 0.03839844 0.07713889
0 0.38999219 0.07966667 0.05076562 0.13086111
0 0.36799219 0.16539583 0.04737500 0.09776389
