1 0.13849219 0.59538889 0.08545313 0.14980556
0 0.25976953 0.05443750 0.03110156 0.05912500
0 0.30303516 0.29149306 0.06221094 0.08431944
0 0.24267578 0.35198611 0.04372656 0.12755556
0 0.16322266 0.72754861 0.05974219 0.13084722
0 0.24036719 0.77819444 0.03295313 0.07555556
0 0.17415625 0.31119444 0.05573437 0.11277778
0 0.26454688 0.33128472 0.05960937 0.13520833
0 0.22912109 0.05745139 0.04957031 0.08601389
0 0.25405859 0.09934722 0.04105469 0.09197222
0 0.26135547 0.14773611 0.04044531 0.08386111
0 0.22653516 0.13015972 0.05838281 0.09195833
0 0.16814844 0.26072917 0.06629688 0.11520833
0 0.60576172 0.79813194 0.04866406 0.10331944
0 0.94645703 0.46593056 0.05017969 0.08975000
0 0.18876562 0.39520833 0.04987500 0.10163889
0 0.20541406 0.33172917 0.05481250 0.11443056
0 0.91723437 0.24878472 0.04850000 0.10493056
0 0.28501953 0.09986111 0.02863281 0.05805556
