0 0.18635547 0.44001389 0.02939844 0.05136111
0 0.16012891 0.38584722 0.04524219 0.06819444
0 0.92612891 0.03882639 0.04055469 0.07765278
0 0.95132422 0.75084722 0.04744531 0.14111111
0 0.16898047 0.48416667 0.02308594 0.04955556
0 0.93173437 0.32288889 0.05731250 0.09233333
0 0.10148828 0.47268056 0.04021094 0.08594444
0 0.30089062 0.75595833 0.03810937 0.05500000
0 0.30883984 0.79996528 0.03000781 0.06087500
0 0.69667188 0.43347917 0.02673438 0.04379167
0 0.89272656 0.03915972 0.04710937 0.07831944
0 0.55375000 0.82740972 0.05195313 0.10095833
0 0.65621875 0.40620833 0.02542187 0.05075000
0 0.13973438 0.48042361 0.04173437 0.10034722
0 0.88018359 0.32197917 0.05761719 0.12062500
0 0.04252344 0.72821528 0.04110937 0.08593056
