1 0.38625391 0.81734722 0.05253906 0.13158333
0 0.36998047 0.27249306 0.04933594 0.10434722
0 0.38834375 0.46453472 0.04789063 0.10434722
0 0.34585547 0.42485417 0.04428906 0.11587500
0 0.43245312 0.54231944 0.03096875 0.07297222
0 0.32568750 0.45077778 0.03420312 0.08194444
0 0.92691016 0.48056250 0.03617969 0.10770833
0 0.94980078 0.45670833 0.05158594 0.09494444
0 0.91754687 0.79125000 0.05076563 0.11825000
0 0.89066406 0.70656944 0.06201563 0.11336111
0 0.95066797 0.51167361 0.04355469 0.09595833
0 0.87314844 0.50370833 0.04396875 0.08447222
0 0.01510937 0.34163194 0.02592188 0.06465278
0 0.32586719 0.23825000 0.04176562 0.07041667
0 0.33973438 0.29874306 0.03853125 0.08898611
