0 0.69873438 0.37980556 0.02171875 0.03933333
0 0.45675781 0.46512500 0.02442187 0.06236111
0 0.48854297 0.46254861 0.02480469 0.06270833
0 0.48438672 0.41758333 0.02772656 0.04788889
0 0.45966406 0.42791667 0.02790625 0.05477778
0 0.47542187 0.65042361 0.03178125 0.06615278
0 0.53763281 0.30815972 0.02418750 0.04754167
0 0.51565625 0.30588889 0.02814062 0.05705556
0 0.47367578 0.46320833 0.02883594 0.05747222
0 0.08460156 0.78152778 0.02539062 0.06058333
0 0.11544141 0.78177083 0.02288281 0.05312500
0 0.12897656 0.76192361 0.02651562 0.06206944
0 0.44936328 0.84652083 0.02874219 0.06751389
0 0.46367969 0.68750000 0.03023438 0.06036111
0 0.61473047 0.74456250 0.03791406 0.08104167
0 0.44367578 0.65649306 0.03116406 0.07193056
0 0.65973047 0.25420833 0.02697656 0.05375000
0 0.49623828 0.28170139 0.03116406 0.05829167
1 0.10355859 0.75254167 0.03088281 0.07008333
0 0.98516797 0.12929861 0.02622656 0.05865278
1 0.27926172 0.86655556 0.02707031 0.07411111
1 0.64205859 0.71665278 0.03767969 0.08227778
1 0.59763672 0.68357639 0.03767969 0.07070833
1 0.06336719 0.92644444 0.02835938 0.06275000
1 0.66985156 0.55024306 0.03371875 0.06945833
1 0.07832031 0.73094444 0.02846875 0.06052778
