1 0.37431641 0.96437500 0.03250781 0.07125000
1 0.20076953 0.55132639 0.02750781 0.05779167
0 0.78446484 0.97663194 0.01983594 0.04193056
0 0.80277734 0.97564583 0.02344531 0.04870833
0 0.41974219 0.53813194 0.02721875 0.06048611
0 0.41139062 0.55132639 0.02475000 0.05829167
0 0.33592188 0.97032639 0.02721875 0.05934722
0 0.19178125 0.61346528 0.03031250 0.06487500
0 0.14259766 0.90765278 0.02907031 0.07038889
0 0.78952734 0.69292361 0.03310156 0.07754167
0 0.87144922 0.33654167 0.03107031 0.04375000
0 0.46491797 0.84634722 0.03342969 0.07533333
0 0.38154297 0.47516667 0.03742969 0.04675000
0 0.98750391 0.64063194 0.02499219 0.05481944
0 0.38496484 0.75195139 0.03125781 0.06801389
0 0.41168750 0.75113194 0.02828125 0.06984722
0 0.16263672 0.70797917 0.02525781 0.06012500
0 0.13825391 0.71423611 0.03050781 0.06094444
0 0.03985547 0.68111111 0.02375781 0.05161111
0 0.03410547 0.64777778 0.02625781 0.04005556
0 0.15763672 0.58175694 0.03375781 0.05829167
0 0.24264063 0.43550000 0.02328125 0.05027778
0 0.35355859 0.97282639 0.03200781 0.05434722
