0 0.48462109 0.22661806 0.02460156 0.04934722
0 0.46466016 0.21548611 0.02061719 0.04844444
0 0.07796094 0.54038889 0.02720313 0.06072222
0 0.05415625 0.55325694 0.03256250 0.05968056
1 0.67881641 0.68628472 0.02427344 0.07718056
0 0.41589844 0.61317361 0.03329687 0.07140278
0 0.39238281 0.63150000 0.03565625 0.05002778
0 0.37218750 0.64047222 0.02750000 0.06033333
0 0.64799219 0.75788194 0.03307813 0.05693056
0 0.63682422 0.94060417 0.02921094 0.07718056
0 0.90026172 0.56312500 0.03025781 0.07144444
0 0.99039844 0.19137500 0.01920312 0.04725000
0 0.08725391 0.27197222 0.02513281 0.04888889
0 0.06631250 0.58642361 0.02492187 0.05465278
0 0.03774609 0.57859722 0.02577344 0.04738889
0 0.45912109 0.89006944 0.04171094 0.08700000
0 0.42325781 0.90927778 0.03781250 0.07313889
0 0.63706641 0.71936111 0.03450781 0.07527778
0 0.66212109 0.70015278 0.02880469 0.06247222
0 0.67037109 0.74523611 0.03510156 0.07261111
0 0.64291406 0.65720833 0.03301562 0.06833333
0 0.01500781 0.75443750 0.02546875 0.06481944
0 0.65841016 0.94100694 0.02685156 0.06720833
0 0.84883203 0.96881944 0.03007031 0.06236111
