0 0.54282422 0.80154167 0.01863281 0.03575000
0 0.52123438 0.77727083 0.03601563 0.07895833
0 0.56039453 0.39360417 0.02250781 0.05868056
0 0.89795313 0.44820833 0.03135938 0.05575000
0 0.32916406 0.48410417 0.02878125 0.06568056
0 0.86150391 0.69864583 0.03250781 0.06779167
0 0.87973437 0.66678472 0.03146875 0.08187500
0 0.51073437 0.41547222 0.02520312 0.06936111
0 0.36414453 0.30050694 0.01950781 0.05601389
0 0.34013672 0.28103472 0.02850781 0.05654167
0 0.35619531 0.48988889 0.03120312 0.05922222
0 0.30803125 0.45014583 0.03690625 0.05120833
0 0.32348437 0.69767361 0.02881250 0.06401389
0 0.74223828 0.77834028 0.03630469 0.07681944
