0 0.07458594 0.39831250 0.03525000 0.07520833
0 0.79946484 0.53840278 0.06260156 0.12183333
0 0.72163281 0.51959722 0.05753125 0.11730556
0 0.74278516 0.42033333 0.07952344 0.13836111
0 0.75687109 0.14742361 0.04624219 0.10698611
0 0.74828125 0.51509028 0.06345312 0.14740278
0 0.03933594 0.38995833 0.04229687 0.07311111
0 0.04485937 0.44061806 0.04817187 0.08251389
0 0.74109375 0.65420833 0.05245312 0.11580556
0 0.69371484 0.62337500 0.07107031 0.15641667
0 0.79692969 0.57975694 0.05414063 0.10829167
0 0.75251172 0.70610417 0.04483594 0.10829167
0 0.77958203 0.31429861 0.03807031 0.08573611
0 0.76689453 0.77227778 0.04822656 0.12033333
0 0.80200391 0.72339583 0.05414844 0.12784722
0 0.11333984 0.46921528 0.05752344 0.10076389
0 0.65817969 0.43537500 0.02537500 0.06016667
