0 0.09134375 0.24586806 0.04229688 0.06918056
0 0.61291797 0.06688194 0.03638281 0.07520833
0 0.70725000 0.95081250 0.05076563 0.09837500
0 0.12010938 0.23985417 0.04229687 0.09926389
0 0.05073437 0.19623611 0.03553125 0.07219444
0 0.61291797 0.89561111 0.04991406 0.10227778
0 0.33076172 0.65845139 0.04242969 0.08123611
0 0.65458594 0.03967361 0.03223437 0.06165278
0 0.62815234 0.02632639 0.03100781 0.05265278
0 0.40395312 0.37107639 0.02978125 0.04787500
0 0.07951172 0.21725694 0.05074219 0.10220833
0 0.63222656 0.38611111 0.04414063 0.09416667
0 0.36333984 0.71663194 0.05499219 0.10829167
0 0.13188281 0.19585417 0.05006250 0.09901389
0 0.62899219 0.76250000 0.05668750 0.11580556
1 0.35279297 0.62795139 0.03753906 0.06534722
1 0.65160937 0.93863889 0.04446875 0.07761111
