0 0.47025391 0.93936806 0.02366406 0.07615278
0 0.48616797 0.94734722 0.02774219 0.06600000
0 0.34903516 0.25582639 0.02039844 0.05037500
2 0.51744531 0.64809028 0.03181250 0.06801389
0 0.00724609 0.57898611 0.01449219 0.05000000
0 0.49750391 0.75536111 0.03314844 0.06408333
0 0.46688281 0.72776389 0.02896875 0.06963889
0 0.01500391 0.53821528 0.02328906 0.04943056
0 0.26516016 0.88447917 0.03299219 0.07381944
0 0.03940625 0.33059028 0.02171875 0.05612500
0 0.02394531 0.30290278 0.02385937 0.04047222
0 0.48751172 0.71201389 0.02896094 0.05297222
0 0.75200391 0.65100000 0.03421094 0.07258333
0 0.32817969 0.24681250 0.01939062 0.04737500
0 0.68499219 0.98481944 0.03309375 0.03036111
0 0.73428906 0.76971528 0.02901562 0.06915278
0 0.29433594 0.87382639 0.03751562 0.08029167
0 0.71710547 0.78556944 0.03589844 0.07641667
0 0.75223828 0.58777778 0.03350781 0.06491667
1 0.50980078 0.70294444 0.02607031 0.07261111
