0 0.04128906 0.32333333 0.08257813 0.16305556
0 0.48730859 0.44940972 0.05336719 0.12795833
0 0.03652344 0.43927083 0.07304687 0.19034722
0 0.53339063 0.92599306 0.08882813 0.14801389
0 0.54500000 0.82229167 0.08000000 0.17430556
0 0.42332031 0.32888889 0.05898437 0.11166667
0 0.09404297 0.41854167 0.08707031 0.14791667
0 0.49137109 0.18794444 0.06266406 0.12883333
0 0.42135938 0.19925694 0.06462500 0.11315278
0 0.39125000 0.28977778 0.06707813 0.13230556
0 0.54925781 0.12652778 0.06710937 0.15416667
0 0.56676953 0.32509722 0.06364844 0.16813889
0 0.48183594 0.87788194 0.07523437 0.17381944
