0 0.05326953 0.59331944 0.04736719 0.10525000
0 0.48220703 0.36318056 0.04230469 0.08422222
0 0.44328906 0.31054167 0.04568750 0.13536111
0 0.64039062 0.60375000 0.03390625 0.07694444
0 0.96909766 0.78870139 0.03807031 0.07970833
0 0.39237500 0.95868056 0.07696875 0.08263889
0 0.39151172 0.88480556 0.06294531 0.14258333
0 0.81155469 0.90014583 0.04310938 0.09695833
0 0.79523438 0.40520833 0.05203125 0.11708333
0 0.09765625 0.27138889 0.04421875 0.08277778
0 0.50187500 0.68731944 0.03142188 0.06527778
0 0.40733203 0.28572222 0.05499219 0.14288889
0 0.85462109 0.51451389 0.03861719 0.06791667
0 0.84007422 0.97638194 0.03722656 0.04723611
0 0.39421875 0.27519444 0.03553125 0.08875000
0 0.36587891 0.25789583 0.03807031 0.07820833
0 0.03472656 0.62235417 0.03917188 0.06701389
0 0.01734375 0.65760417 0.02889062 0.06093056
0 0.83016797 0.95177778 0.03610156 0.07386111
0 0.33973828 0.86297222 0.07005469 0.13716667
0 0.45924609 0.34237500 0.04521094 0.08633333
