0 0.77958203 0.27820139 0.04314844 0.10076389
0 0.25251172 0.64593750 0.04822656 0.08723611
0 0.23093750 0.68805556 0.04060937 0.07519444
0 0.29904297 0.56246528 0.04483594 0.08873611
0 0.73262891 0.25112500 0.04399219 0.09175000
0 0.81723437 0.34512500 0.04229688 0.10227778
0 0.27281641 0.61811111 0.05499219 0.12183333
0 0.70132813 0.87013889 0.06109375 0.13750000
0 0.24250781 0.34975000 0.03818750 0.06441667
0 0.05433594 0.76493056 0.03585937 0.08458333
0 0.78973828 0.32256944 0.04822656 0.16244444
0 0.74447656 0.27854167 0.05921875 0.13319444
0 0.23051562 0.60909028 0.04653125 0.08573611
0 0.21654297 0.65424306 0.04735156 0.08879167
0 0.25886719 0.36326389 0.02570313 0.04791667
0 0.76181641 0.95833333 0.06683594 0.08333333
0 0.74235938 0.89109722 0.05668750 0.14438889
0 0.28216797 0.34190972 0.03622656 0.07137500
0 0.31521484 0.24399306 0.05630469 0.09834722
