1 0.68177734 0.67543750 0.02430469 0.06329167
1 0.54914453 0.75938194 0.02239844 0.04768056
0 0.66675391 0.69688194 0.01833594 0.03787500
0 0.35687109 0.96181944 0.02364844 0.05430556
0 0.22153516 0.77542361 0.02053906 0.05543056
0 0.69412500 0.49002778 0.03235938 0.06427778
0 0.72119141 0.52431944 0.02550781 0.05541667
0 0.71248047 0.35672917 0.01680469 0.03662500
0 0.70221094 0.33571528 0.01493750 0.03440278
0 0.72328125 0.34843056 0.01796875 0.03772222
0 0.02242187 0.36226389 0.02426562 0.04988889
0 0.01682031 0.32520833 0.03048437 0.04436111
0 0.15993750 0.05861111 0.02426563 0.04213889
0 0.16833594 0.10120139 0.01493750 0.03440278
0 0.15837891 0.09954167 0.01492969 0.03994444
0 0.28220312 0.10727778 0.01742188 0.04436111
0 0.29935156 0.11262500 0.02254688 0.05358333
0 0.66707031 0.72888194 0.02790625 0.04854167
0 0.65536719 0.70701389 0.00870313 0.02613889
0 0.85826562 0.18345139 0.02792188 0.05565278
0 0.55754297 0.40485417 0.02053906 0.03993056
0 0.26696094 0.10894444 0.01804687 0.03219444
0 0.66615625 0.72194444 0.01173438 0.02080556
0 0.25576172 0.62055556 0.03049219 0.06427778
0 0.23242578 0.58626389 0.03235156 0.05763889
0 0.53160938 0.84608333 0.02912500 0.06052778
0 0.27691406 0.62829861 0.02551562 0.05543056
0 0.25171484 0.65484722 0.02613281 0.05763889
0 0.23273828 0.62663889 0.02302344 0.03883333
0 0.27785156 0.46292361 0.02489062 0.05431944
0 0.26260547 0.43803472 0.02302344 0.04656944
0 0.27971484 0.42918056 0.01991406 0.03108333
0 0.52674219 0.82022222 0.03110937 0.06316667
0 0.25575781 0.56745833 0.02551562 0.04658333
0 0.54758594 0.80971528 0.02053125 0.05320833
0 0.50224609 0.83909722 0.02727344 0.04930556
