0 0.54375000 0.18055556 0.02968750 0.05555556
0 0.86045703 0.46669444 0.03719531 0.08744444
0 0.54296875 0.13402778 0.03593750 0.04861111
1 0.57865234 0.75949306 0.04230469 0.08873611
1 0.62771484 0.70977778 0.03533594 0.04675000
0 0.59414062 0.33611111 0.03234375 0.06944444
0 0.61854297 0.34755556 0.02332031 0.05869444
0 0.61333594 0.31348611 0.01870312 0.03558333
0 0.22953125 0.57125000 0.03625000 0.05361111
0 0.51750000 0.19097222 0.02718750 0.06250000
0 0.83202734 0.45863194 0.03782031 0.06087500
0 0.41042969 0.97152778 0.02851562 0.05111111
0 0.57218750 0.28131944 0.03968750 0.07013889
