0 0.89008203 0.58353472 0.05439844 0.12390278
0 0.53756641 0.79241667 0.05411719 0.11636111
0 0.65091797 0.79763889 0.03549219 0.06383333
0 0.64091797 0.91949306 0.03753906 0.06529167
0 0.62468359 0.89620833 0.03549219 0.06383333
0 0.50758984 0.34813889 0.03722656 0.07219444
0 0.57442578 0.25713889 0.06091406 0.11280556
0 0.54312109 0.35190278 0.06091406 0.12483333
0 0.90021484 0.24232639 0.04760156 0.09309722
0 0.08730859 0.35827778 0.05042969 0.10183333
0 0.11888672 0.49101389 0.04308594 0.08530556
0 0.60119922 0.20909722 0.03494531 0.07736111
0 0.92758594 0.57113889 0.04929687 0.13661111
0 0.49888672 0.84228472 0.02719531 0.05187500
0 0.86893750 0.27556944 0.03671875 0.06650000
1 0.57890625 0.78748611 0.05059375 0.10588889
0 0.61399219 0.76354861 0.03264062 0.05801389
0 0.86405469 0.03988889 0.03818750 0.06963889
0 0.06946875 0.91218750 0.05160937 0.09159722
