0 0.04348828 0.36863194 0.03916406 0.07606944
0 0.34907813 0.31268750 0.03018750 0.05440278
0 0.03127734 0.94900000 0.03214844 0.07369444
0 0.48021094 0.96543750 0.02820313 0.05226389
0 0.46334766 0.96682639 0.02585156 0.05326389
0 0.29078516 0.56568750 0.05435156 0.12098611
0 0.26625781 0.56908333 0.05287500 0.12186111
0 0.36048437 0.22449306 0.04525000 0.09368056
0 0.97191406 0.68433333 0.03378125 0.07311111
0 0.05029297 0.30352778 0.04113281 0.07919444
0 0.34304297 0.03118056 0.03469531 0.06236111
0 0.94400391 0.66300000 0.03182031 0.06527778
0 0.98558984 0.66778472 0.02882031 0.09226389
