0 0.52506250 0.98195833 0.03265625 0.03608333
0 0.54246094 0.45959028 0.03834375 0.05112500
0 0.56260156 0.75377083 0.03653125 0.07979167
0 0.58284766 0.75081250 0.03208594 0.07445833
0 0.54940234 0.98311806 0.03313281 0.03376389
0 0.38355859 0.42252083 0.02752344 0.04337500
0 0.36053516 0.41863194 0.02439844 0.05559722
0 0.32448047 0.61423611 0.03189844 0.06819444
0 0.29603906 0.72706250 0.02753125 0.05890278
0 0.28187891 0.58404167 0.03542969 0.06636111
0 0.26833203 0.73982639 0.03375781 0.06968056
0 0.11579297 0.67017361 0.02750781 0.04448611
0 0.12412891 0.70926389 0.02875781 0.05597222
0 0.26870703 0.96030556 0.03063281 0.07038889
1 0.56074609 0.96859722 0.03405469 0.06280556
1 0.33364844 0.54905556 0.03023437 0.06297222
1 0.14038281 0.66535417 0.02667187 0.06079167
0 0.96531250 0.92583333 0.02781250 0.05861111
