0 0.24429297 0.97815278 0.03450781 0.04369444
0 0.48345703 0.67540278 0.03271094 0.08380556
0 0.45239844 0.66766667 0.04140625 0.08433333
0 0.67166406 0.24020139 0.03396875 0.06743056
0 0.22028906 0.98402083 0.02010937 0.03195833
0 0.01249609 0.56286806 0.02499219 0.05993056
0 0.03427344 0.57826389 0.02907812 0.05552778
0 0.02808594 0.54994444 0.02845313 0.06377778
1 0.42703906 0.62232639 0.04110938 0.08006944
1 0.97970313 0.81201389 0.04059375 0.08758333
1 0.37992969 0.87892361 0.03931250 0.08220833
