1 0.88406250 0.97763889 0.02156250 0.04472222
1 0.59382813 0.95576389 0.03671875 0.07819444
1 0.17875000 0.69027778 0.02796875 0.05555556
0 0.33894531 0.16409722 0.03335937 0.05513889
0 0.39687500 0.02270833 0.02515625 0.04541667
0 0.41403516 0.02645833 0.01567969 0.03125000
0 0.83345703 0.46238889 0.02767969 0.05838889
0 0.10078125 0.19583333 0.02187500 0.05833333
0 0.07734375 0.20763889 0.02031250 0.04861111
0 0.37441406 0.01736111 0.03179688 0.03472222
0 0.87074219 0.16291667 0.02585937 0.06194444
0 0.11015625 0.28541667 0.03281250 0.05416667
0 0.10937500 0.15486111 0.02812500 0.04027778
0 0.11351563 0.33472222 0.03078125 0.06111111
0 0.85222656 0.18215278 0.02445312 0.05875000
0 0.88359375 0.46861111 0.02734375 0.07333333
0 0.56640625 0.63819444 0.03593750 0.07083333
0 0.86554688 0.96777778 0.02640625 0.06444444
0 0.30285156 0.45312500 0.03851563 0.06458333
0 0.14347656 0.34444444 0.02757813 0.05555556
