0 0.22255469 0.46772222 0.05351562 0.10852778
1 0.74396094 0.95863889 0.03203125 0.05747222
0 0.17370313 0.42347222 0.06409375 0.11294444
0 0.97718750 0.94768056 0.04562500 0.10463889
0 0.88513672 0.57463889 0.05350781 0.08186111
0 0.03754688 0.81965278 0.04182813 0.07663889
0 0.94499219 0.97438889 0.05265625 0.05122222
0 0.90096875 0.62250000 0.05750000 0.10222222
0 0.94204688 0.64906944 0.04856250 0.10230556
0 0.16605078 0.61397917 0.05600781 0.09034722
0 0.25833203 0.44227778 0.04916406 0.09966667
