0 0.23357813 0.35018750 0.05976563 0.11606944
0 0.06336719 0.18522222 0.02229687 0.05852778
0 0.03346094 0.16575694 0.02292188 0.05745833
0 0.23298828 0.08649306 0.03980469 0.07076389
0 0.31457422 0.41620139 0.04710156 0.07743056
0 0.17237109 0.83909028 0.05417969 0.10595833
0 0.19748047 0.90150694 0.05022656 0.10706944
0 0.66258203 0.06191667 0.05074219 0.11047222
0 0.61488672 0.02336806 0.04171094 0.04673611
0 0.27056250 0.40231944 0.04851563 0.10313889
0 0.25533203 0.12291667 0.03375781 0.06113889
0 0.26947656 0.02857639 0.02554687 0.04762500
0 0.22188281 0.83197222 0.04592187 0.09736111
0 0.61622266 0.10602778 0.05139844 0.10488889
0 0.27956250 0.10093750 0.03834375 0.06779167
