1 0.70896094 0.50298611 0.03751562 0.07527778
1 0.39913281 0.70650000 0.03360937 0.06833333
1 0.09458594 0.51040278 0.02482812 0.04636111
1 0.55201953 0.78625694 0.03150781 0.07206944
1 0.84024219 0.97143056 0.03660938 0.05713889
1 0.56304297 0.75246528 0.02783594 0.06379167
1 0.66503906 0.97543056 0.04257813 0.04913889
1 0.09166406 0.47261806 0.02865625 0.05095833
0 0.52726172 0.28300694 0.03171094 0.06351389
0 0.38670313 0.33685417 0.02732813 0.04470833
0 0.52426562 0.78599306 0.03420313 0.07259722
0 0.17575391 0.83399306 0.02196094 0.05559722
0 0.26486719 0.24389583 0.02214062 0.04398611
0 0.25300391 0.22909722 0.02532031 0.04733333
0 0.70130469 0.77115972 0.03217187 0.07698611
0 0.57500000 0.55305556 0.03007813 0.05613889
0 0.11284375 0.70586806 0.02589062 0.05495833
0 0.53641797 0.97622917 0.03030469 0.04754167
0 0.82583984 0.78893056 0.03300781 0.07847222
0 0.69530469 0.42856944 0.03360937 0.06619444
0 0.67025391 0.41363194 0.02850781 0.06512500
0 0.55187109 0.49898611 0.02880469 0.07152778
0 0.39412500 0.96324306 0.02567187 0.04893056
0 0.10781641 0.53344444 0.02517969 0.05402778
