0 0.77465625 0.07282639 0.05990625 0.11676389
0 0.34600391 0.10836111 0.07825781 0.15383333
0 0.65200391 0.47700000 0.03202344 0.06630556
0 0.90098437 0.71104861 0.06128125 0.12706944
0 0.83108203 0.76004167 0.07544531 0.17141667
0 0.03283203 0.48044444 0.06566406 0.15991667
0 0.09659766 0.54095139 0.05946094 0.14404167
0 0.88281641 0.79344444 0.05574219 0.14513889
0 0.10744531 0.85536111 0.05618750 0.12791667
0 0.79730859 0.27184722 0.05741406 0.15594444
0 0.85565625 0.29875000 0.07321875 0.11333333
0 0.07875391 0.42268056 0.05555469 0.10986111
0 0.06740234 0.07116667 0.05933594 0.11333333
0 0.39184766 0.09471528 0.05997656 0.14248611
0 0.29665625 0.15861111 0.05234375 0.16938889
0 0.78222656 0.69449306 0.07882813 0.16715278
