0 0.23355859 0.38003472 0.01789844 0.03551389
0 0.94514844 0.45277778 0.02442187 0.05911111
0 0.96322266 0.44351389 0.02735156 0.06836111
0 0.82205078 0.46956250 0.03224219 0.06143056
0 0.86861719 0.43020139 0.03484375 0.05331944
0 0.86194531 0.52253472 0.03321875 0.06895833
0 0.97478516 0.52225000 0.02767969 0.06488889
0 0.42333984 0.71639583 0.02838281 0.04587500
0 0.12424609 0.62130556 0.02119531 0.04413889
0 0.42978125 0.59336111 0.02218750 0.04541667
0 0.22823047 0.49475000 0.01953906 0.03422222
0 0.14064063 0.43179861 0.02470313 0.05729167
1 0.11450781 0.77920833 0.02673437 0.05169444
1 0.58611719 0.87279167 0.02865625 0.07358333
1 0.94954688 0.54250694 0.02865625 0.06490278
2 0.98243359 0.72052778 0.03386719 0.08052778
0 0.60614453 0.87481944 0.03549219 0.07647222
0 0.63431250 0.47187500 0.03451562 0.06605556
0 0.79746484 0.47100694 0.02800781 0.05737500
0 0.98048437 0.22062500 0.02670312 0.05794444
0 0.22139063 0.53238194 0.02865625 0.06201389
0 0.19973438 0.50632639 0.02637500 0.06201389
0 0.07891406 0.78190278 0.02703125 0.05622222
0 0.09455078 0.80245139 0.02572656 0.06490278
0 0.13411328 0.63397917 0.02410156 0.05331944
0 0.84338281 0.44988194 0.03451562 0.06837500
0 0.95610937 0.71669444 0.03706250 0.07555556
0 0.40570703 0.74600000 0.02800781 0.07358333
