0 0.24476953 0.69454861 0.03683594 0.07656944
1 0.66612891 0.87197917 0.03628906 0.08801389
1 0.94665625 0.95609722 0.03651563 0.07247222
1 0.07260156 0.83086806 0.02828125 0.06890278
0 0.75074219 0.66526389 0.04585937 0.09502778
0 0.13163281 0.11385417 0.02667188 0.05115278
0 0.14515625 0.15025000 0.02354688 0.05372222
0 0.52917578 0.98593750 0.03275781 0.02812500
0 0.10435156 0.63045139 0.02740625 0.05826389
0 0.25991406 0.58304167 0.03168750 0.06208333
1 0.09098047 0.82708333 0.03197656 0.07647222
1 0.06321094 0.78285417 0.02950000 0.05823611
0 0.97341016 0.76615972 0.03402344 0.08468056
0 0.07608203 0.63490972 0.02810156 0.05954167
0 0.02564844 0.15932639 0.02959375 0.05037500
0 0.23152734 0.56524306 0.02900781 0.05956944
0 0.12360938 0.55613194 0.02678125 0.05556944
0 0.10323437 0.56057639 0.03353125 0.07334722
0 0.05923828 0.56702083 0.03550781 0.06490278
0 0.07973828 0.57857639 0.02800781 0.05956944
0 0.04181250 0.19015278 0.02278125 0.05052778
