0 0.10910547 0.73308333 0.03542969 0.07636111
0 0.30841797 0.83013889 0.03482031 0.07561111
0 0.28373047 0.82773611 0.02458594 0.06708333
0 0.09593359 0.55710417 0.03328906 0.06820833
0 0.12298828 0.56224306 0.02896094 0.06562500
0 0.97561719 0.86785417 0.03273438 0.07515278
0 0.86923437 0.85793056 0.04098437 0.08616667
0 0.81557813 0.59620833 0.03720313 0.07000000
0 0.36940625 0.23476389 0.02760937 0.05841667
0 0.16831250 0.24090972 0.02287500 0.05043056
0 0.98041016 0.66725000 0.03091406 0.06669444
0 0.83241797 0.88417361 0.04167969 0.08801389
0 0.31517187 0.40058333 0.03718750 0.05688889
0 0.10378906 0.93887500 0.03354687 0.07375000
0 0.35003125 0.61788889 0.02964062 0.05544444
0 0.80691797 0.84585417 0.03866406 0.07240278
0 0.76155078 0.62224306 0.03041406 0.05040278
0 0.78706641 0.62315278 0.03505469 0.06141667
0 0.97085938 0.61538889 0.03090625 0.06544444
0 0.13757422 0.50327778 0.02553906 0.06644444
0 0.34418359 0.57636806 0.03402344 0.07698611
0 0.36137500 0.55716667 0.02809375 0.07513889
