0 0.36172656 0.35421528 0.02851562 0.05656944
1 0.31268750 0.85611111 0.03495313 0.07263889
0 0.04621875 0.52097917 0.03031250 0.06873611
0 0.40068750 0.11925000 0.03031250 0.06163889
0 0.52673437 0.48052778 0.04609375 0.08033333
1 0.32459766 0.88992361 0.03278906 0.07868056
1 0.10501953 0.92009028 0.03975781 0.08356944
0 0.55472656 0.58500694 0.03773438 0.08143056
0 0.32093750 0.33390972 0.04131250 0.06068056
0 0.14415625 0.65824306 0.03301563 0.07468056
0 0.16703516 0.67446528 0.02625781 0.06268056
0 0.17103516 0.63379861 0.03025781 0.06045833
0 0.56753516 0.26394444 0.02750781 0.05116667
0 0.18106641 0.48495139 0.02775781 0.06445833
0 0.54291797 0.54272222 0.03453906 0.07730556
0 0.58205078 0.57048611 0.03678906 0.06447222
0 0.48708984 0.85184722 0.04650781 0.08713889
0 0.54509375 0.86674306 0.04503125 0.08845833
0 0.51122266 0.89630556 0.03725781 0.09513889
0 0.14878516 0.45063194 0.02925781 0.06134722
0 0.33710547 0.37314583 0.02849219 0.07254167
0 0.14791016 0.91608333 0.03650781 0.07025000
0 0.13427734 0.95076389 0.03575781 0.07736111
0 0.50229688 0.79647222 0.04856250 0.07752778
