0 0.26537109 0.56401389 0.02261719 0.04258333
0 0.44821875 0.67463889 0.04003125 0.07925000
0 0.66729688 0.83026389 0.03392188 0.07575000
0 0.51930469 0.35720139 0.01775000 0.03656944
0 0.50776172 0.22835417 0.01413281 0.03573611
0 0.94081250 0.14870833 0.02151562 0.04022222
0 0.48259375 0.66599306 0.02600000 0.05631944
0 0.11344531 0.83440278 0.01904687 0.04488889
0 0.92283594 0.14229167 0.02229687 0.04247222
0 0.92457031 0.10181944 0.02420313 0.04802778
1 0.50101172 0.63483333 0.03485156 0.07844444
