0 0.71627604 0.20150463 0.06562500 0.12800926
0 0.23066406 0.15648148 0.02903646 0.11435185
1 0.32955729 0.72569444 0.09895833 0.15092593
0 0.54023438 0.10358796 0.06901042 0.08449074
0 0.21686198 0.33275463 0.03893229 0.07106481
0 0.41966146 0.73611111 0.04479167 0.05648148
1 0.97897135 0.54953704 0.04205729 0.14259259
1 0.89016927 0.74039352 0.13164062 0.19745370
1 0.82154948 0.90416667 0.13528646 0.19166667
0 0.40501302 0.59212963 0.07981771 0.20046296
0 0.67805990 0.09861111 0.15455729 0.19722222
1 0.93997396 0.94745370 0.12005208 0.10509259
