0 0.06204427 0.69652778 0.12408854 0.26435185
1 0.02799479 0.37719907 0.05598958 0.12384259
0 0.11393229 0.57337963 0.03802083 0.12083333
0 0.22877604 0.44895833 0.20885417 0.42106481
0 0.17089844 0.79537037 0.17773438 0.27546296
0 0.55514323 0.95173611 0.02851563 0.02800926
0 0.68919271 0.68252315 0.10026042 0.11782407
1 0.75449219 0.79560185 0.07252604 0.12453704
1 0.99316406 0.65613426 0.01367188 0.09652778
0 0.09147135 0.51203704 0.02018229 0.06620370
1 0.06725260 0.39074074 0.06809896 0.12037037
1 0.88157552 0.62418981 0.06575521 0.08217593
0 0.54355469 0.92361111 0.04179687 0.07453704
