0 0.91373698 0.34571759 0.08658854 0.13263889
0 0.25039062 0.37453704 0.05937500 0.06944444
0 0.62441406 0.81759259 0.15195313 0.24861111
1 0.87500000 0.84837963 0.12109375 0.19907407
0 0.53971354 0.72094907 0.09765625 0.19050926
0 0.30651042 0.00960648 0.05703125 0.01921296
0 0.50638021 0.03842593 0.15651042 0.07685185
1 0.30045573 0.11226852 0.03216146 0.11898148
0 0.38476562 0.14965278 0.17239583 0.27939815
1 0.85820312 0.96423611 0.12083333 0.07152778
0 0.97434896 0.50127315 0.05130208 0.03356481
0 0.91119792 0.48287037 0.07994792 0.08379630
1 0.61881510 0.58159722 0.12486979 0.23125000
