1 0.23626302 0.60682870 0.08085937 0.09606481
1 0.12415365 0.60219907 0.04179687 0.12847222
1 0.50924479 0.55254630 0.09557292 0.19212963
1 0.58776042 0.61168981 0.11927083 0.17893519
0 0.66940104 0.41481481 0.06692708 0.11944444
0 0.73769531 0.47129630 0.06341146 0.10462963
0 0.55397135 0.10775463 0.07226562 0.12615741
1 0.88138021 0.52465278 0.06197917 0.09143519
1 0.31627604 0.17997685 0.19687500 0.35902778
0 0.78105469 0.17384259 0.07851562 0.14305556
0 0.17135417 0.23912037 0.14895833 0.29629630
1 0.84446615 0.93287037 0.11523438 0.13425926
0 0.80019531 0.06180556 0.08216146 0.12361111
1 0.98476562 0.94305556 0.03046875 0.10046296
0 0.85859375 0.16597222 0.08333333 0.11666667
0 0.50371094 0.08055556 0.05559896 0.12129630
1 0.43020833 0.39629630 0.04895833 0.06990741
1 0.04003906 0.65324074 0.07981771 0.12916667
0 0.16569010 0.63159722 0.08684896 0.14050926
0 0.87493490 0.06689815 0.08372396 0.13194444
0 0.25208333 0.46261574 0.16484375 0.25717593
0 0.57584635 0.03981481 0.06914063 0.07962963
0 0.50384115 0.01203704 0.03736979 0.02407407
1 0.38105469 0.38206019 0.07018229 0.12106481
1 0.71412760 0.41122685 0.05742187 0.11643519
