0 0.06399740 0.44074074 0.06679688 0.10648148
0 0.45885417 0.32731481 0.12083333 0.21620370
0 0.01783854 0.46006944 0.03567708 0.10902778
0 0.25397135 0.90208333 0.09596354 0.14120370
0 0.04121094 0.34502315 0.08242188 0.13587963
0 0.31022135 0.91736111 0.06445312 0.10231481
0 0.49440104 0.12152778 0.11197917 0.24305556
1 0.87819010 0.38784722 0.03658854 0.03773148
0 0.74589844 0.68668981 0.05143229 0.16319444
0 0.28294271 0.72557870 0.05963542 0.06828704
0 0.94843750 0.32349537 0.08255208 0.11412037
0 0.42037760 0.07175926 0.12382813 0.14351852
1 0.91881510 0.21215278 0.03632813 0.13449074
0 0.39563802 0.24050926 0.12018229 0.20185185
0 0.19342448 0.58368056 0.07721354 0.12245370
0 0.58118490 0.95682870 0.06835938 0.08634259
0 0.15507813 0.08067130 0.03854167 0.11458333
0 0.12213542 0.04282407 0.04244792 0.08564815
1 0.63307292 0.40428241 0.01119792 0.03912037
1 0.35944010 0.81111111 0.10690104 0.18333333
1 0.76028646 0.53194444 0.07890625 0.15972222
