0 0.99140625 0.39618056 0.01718750 0.08958333
0 0.60397135 0.01087963 0.03763021 0.02175926
0 0.77799479 0.35034722 0.11119792 0.16597222
0 0.33333333 0.40347222 0.06380208 0.08055556
1 0.51022135 0.14328704 0.07903646 0.09907407
1 0.16399740 0.93935185 0.10924479 0.12129630
0 0.46744792 0.05763889 0.11406250 0.11527778
0 0.55449219 0.05115741 0.07695313 0.09814815
0 0.84967448 0.32662037 0.03502604 0.05370370
0 0.93359375 0.31620370 0.08255208 0.14814815
0 0.53372396 0.20300926 0.08281250 0.14074074
0 0.47434896 0.40439815 0.05208333 0.03564815
0 0.87929688 0.43182870 0.13437500 0.18125000
