0 0.14856771 0.12280093 0.06640625 0.11875000
0 0.89420573 0.56863426 0.09075521 0.14652778
0 0.85481771 0.53136574 0.03541667 0.08634259
1 0.24765625 0.99143519 0.09322917 0.01712963
0 0.89335937 0.10659722 0.02656250 0.05486111
0 0.91347656 0.04456019 0.12278646 0.08912037
0 0.93098958 0.10763889 0.05729167 0.09212963
0 0.98281250 0.07569444 0.03437500 0.15138889
0 0.96360677 0.07615741 0.01575521 0.05046296
0 0.09127604 0.16319444 0.06067708 0.09629630
0 0.90768229 0.14062500 0.02005208 0.01597222
0 0.96289062 0.14687500 0.04140625 0.08171296
1 0.82330729 0.43576389 0.06250000 0.05347222
1 0.80201823 0.49224537 0.04778646 0.09421296
1 0.96569010 0.51655093 0.06861979 0.19467593
0 0.08333333 0.02048611 0.04765625 0.04097222
0 0.91510417 0.45439815 0.09114583 0.14212963
