0 0.14479167 0.30081019 0.13177083 0.14328704
0 0.10052083 0.17442130 0.20104167 0.30347222
1 0.60377604 0.50613426 0.11692708 0.26967593
0 0.25260417 0.57916667 0.08906250 0.11018519
0 0.82148438 0.68923611 0.08151042 0.13587963
0 0.82552083 0.57476852 0.07968750 0.11805556
0 0.90722656 0.44398148 0.08684896 0.13888889
2 0.83886719 0.01666667 0.01549479 0.03333333
0 0.25351563 0.12905093 0.13385417 0.25810185
0 0.83378906 0.42222222 0.08398438 0.14629630
0 0.36464844 0.09467593 0.01445313 0.04814815
0 0.21920573 0.32534722 0.05247396 0.10810185
1 0.90618490 0.75914352 0.12617187 0.20439815
0 0.49244792 0.65717593 0.02708333 0.03842593
0 0.18893229 0.34444444 0.01927083 0.04120370
0 0.01484375 0.39664352 0.02968750 0.07476852
0 0.42610677 0.80532407 0.05742188 0.16527778
0 0.48795573 0.82835648 0.13658854 0.21967593
0 0.59179688 0.73668981 0.12500000 0.19745370
0 0.51907552 0.66319444 0.10403646 0.12870370
0 0.92330729 0.61597222 0.09427083 0.14953704
