1 0.74641927 0.42002315 0.09179688 0.13449074
0 0.07617188 0.91226852 0.15234375 0.17546296
0 0.50195312 0.01388889 0.05651042 0.02777778
0 0.22513021 0.94780093 0.15130208 0.10439815
0 0.31686198 0.60312500 0.09960938 0.16504630
1 0.02220052 0.30995370 0.04440104 0.09675926
0 0.68105469 0.42835648 0.04752604 0.11134259
1 0.13834635 0.76284722 0.18450521 0.28726852
1 0.95787760 0.45532407 0.07382812 0.09351852
0 0.03463542 0.21180556 0.06927083 0.11481481
0 0.34947917 0.37581019 0.06458333 0.09004630
1 0.29153646 0.34803241 0.05885417 0.12615741
1 0.30794271 0.79479167 0.15078125 0.28773148
1 0.72070312 0.50555556 0.08697917 0.16435185
1 0.34798177 0.30092593 0.06289063 0.09166667
