0 0.72304687 0.72199074 0.06197917 0.17175926
1 0.79954427 0.60729167 0.11002604 0.19837963
1 0.10403646 0.53078704 0.06588542 0.12685185
0 0.44335938 0.22465278 0.13619792 0.26828704
0 0.36848958 0.11342593 0.08072917 0.15046296
1 0.80123698 0.80150463 0.12070313 0.19837963
0 0.37747396 0.22858796 0.03177083 0.16736111
1 0.95286458 0.55138889 0.07473958 0.13703704
0 0.29140625 0.24282407 0.06171875 0.12546296
0 0.36979167 0.29155093 0.03802083 0.08402778
0 0.31451823 0.17418981 0.03763021 0.06782407
0 0.16015625 0.50763889 0.06197917 0.05972222
0 0.57148438 0.15960648 0.06901042 0.22662037
1 0.98691406 0.49629630 0.02617187 0.07962963
1 0.75195312 0.44641204 0.07786458 0.13634259
