0 0.29772135 0.06215278 0.07721354 0.12430556
1 0.70572917 0.47094907 0.05885417 0.09606481
1 0.55266927 0.92094907 0.11627604 0.15810185
0 0.24941406 0.04884259 0.05013021 0.09768519
0 0.64173177 0.03668981 0.07799479 0.07337963
0 0.84583333 0.01203704 0.07656250 0.02407407
1 0.22089844 0.38240741 0.05820312 0.09768519
0 0.55742187 0.03298611 0.07994792 0.06597222
0 0.52539062 0.42893519 0.06640625 0.11203704
0 0.53554687 0.11516204 0.08020833 0.15115741
0 0.33561198 0.01539352 0.04127604 0.03078704
0 0.61464844 0.10243056 0.08528646 0.12708333
1 0.50690104 0.36620370 0.06588542 0.12129630
0 0.99010417 0.05914352 0.01979167 0.05902778
0 0.47740885 0.60682870 0.04205729 0.02476852
1 0.16731771 0.35335648 0.05989583 0.12013889
0 0.45338542 0.37465278 0.07161458 0.12708333
1 0.25963542 0.58726852 0.13255208 0.19212963
1 0.75703125 0.88043981 0.05520833 0.16273148
1 0.20826823 0.52650463 0.11783854 0.19837963
1 0.01523437 0.57662037 0.03046875 0.14120370
1 0.03411458 0.05127315 0.03541667 0.05439815
