0 0.64778646 0.16921296 0.14895833 0.26527778
0 0.54492188 0.87164352 0.06380208 0.16782407
0 0.59993490 0.03541667 0.12565104 0.07083333
0 0.69635417 0.07881944 0.05833333 0.12199074
0 0.40325521 0.89872685 0.02239583 0.06412037
0 0.47454427 0.37789352 0.15377604 0.21550926
0 0.50983073 0.04814815 0.05768229 0.05462963
0 0.67565104 0.01851852 0.06484375 0.03703704
0 0.54986979 0.17800926 0.11484375 0.25694444
0 0.34628906 0.27696759 0.13424479 0.21736111
0 0.76861979 0.03506944 0.07447917 0.07013889
0 0.46217448 0.10856481 0.06783854 0.16990741
