0 0.65891204 0.65937500 0.15208333 0.09218750
1 0.40648148 0.12500000 0.09537037 0.04583333
0 0.59537037 0.75039062 0.09351852 0.07890625
0 0.10381944 0.57682292 0.11550926 0.06328125
0 0.06203704 0.53385417 0.12407407 0.12604167
0 0.60972222 0.32324219 0.16990741 0.10611979
0 0.58344907 0.85833333 0.12754630 0.08385417
1 0.14085648 0.63834635 0.13541667 0.07877604
0 0.41111111 0.01152344 0.07824074 0.02304688
1 0.57280093 0.65097656 0.12662037 0.09075521
1 0.87766204 0.74388021 0.20300926 0.13098958
1 0.52662037 0.08020833 0.21342593 0.15312500
0 0.57141204 0.14505208 0.16319444 0.07812500
0 0.83263889 0.63476562 0.20648148 0.09557292
0 0.59479167 0.02024740 0.16782407 0.04049479
0 0.02766204 0.42311198 0.05532407 0.14752604
1 0.38877315 0.06490885 0.10995370 0.10768229
1 0.73020833 0.77643229 0.25439815 0.13411458
1 0.39004630 0.85266927 0.11759259 0.07877604
0 0.56863426 0.76074219 0.07754630 0.07330729
