0 0.93761574 0.20475260 0.05254630 0.03580729
0 0.87361111 0.48977865 0.03611111 0.01028646
0 0.84108796 0.21790365 0.05162037 0.01367188
0 0.97361111 0.26647135 0.05277778 0.04518229
0 0.00300926 0.56158854 0.00601852 0.00937500
0 0.51377315 0.13203125 0.05486111 0.02578125
0 0.01828704 0.33522135 0.03657407 0.02122396
0 0.01111111 0.08554687 0.02222222 0.02734375
0 0.65567130 0.87981771 0.09004630 0.04765625
1 0.93773148 0.68795573 0.12453704 0.07122396
0 0.06076389 0.03736979 0.01875000 0.00963542
0 0.90590278 0.64798177 0.04513889 0.01627604
0 0.86898148 0.63079427 0.04259259 0.03476563
0 0.02418981 0.53027344 0.04837963 0.05325521
1 0.09872685 0.51250000 0.06365741 0.04322917
0 0.85520833 0.40774740 0.06458333 0.03919271
1 0.14074074 0.60260417 0.06250000 0.03854167
1 0.89444444 0.01119792 0.05601852 0.02239583
1 0.05208333 0.04303385 0.02453704 0.01106771
0 0.25891204 0.32233073 0.04467593 0.03059896
1 0.02581019 0.05286458 0.01504630 0.00598958
1 0.17094907 0.20039062 0.05069444 0.04114583
0 0.04768519 0.33554688 0.03148148 0.02213542
0 0.46863426 0.38593750 0.02800926 0.02005208
0 0.82106481 0.51848958 0.01527778 0.00833333
0 0.73368056 0.47910156 0.06458333 0.05585938
0 0.47453704 0.40084635 0.02916667 0.01393229
0 0.61793981 0.03880208 0.09467593 0.02708333
1 0.03900463 0.05677083 0.01967593 0.00703125
0 0.97592593 0.73483073 0.04351852 0.03710938
0 0.16932870 0.52740885 0.07569444 0.03190104
0 0.12800926 0.54778646 0.07175926 0.04010417
1 0.12870370 0.21145833 0.03657407 0.02135417
0 0.91840278 0.21497396 0.07291667 0.03046875
0 0.61504630 0.84707031 0.10324074 0.05820313
0 0.89826389 0.45455729 0.11736111 0.06770833
0 0.77199074 0.27376302 0.09305556 0.09492188
