0 0.09143519 0.60618490 0.06064815 0.02851563
0 0.21342593 0.63632812 0.06574074 0.04531250
0 0.11168981 0.59394531 0.04560185 0.02330729
0 0.18761574 0.60572917 0.08819444 0.02473958
0 0.58067130 0.91523438 0.24189815 0.09505208
1 0.79328704 0.98385417 0.11018519 0.03229167
0 0.46053241 0.77128906 0.19513889 0.10507813
0 0.10590278 0.87714844 0.03587963 0.02252604
1 0.18576389 0.05110677 0.05625000 0.03632813
0 0.74826389 0.48203125 0.11736111 0.06250000
0 0.46388889 0.27259115 0.12777778 0.08789062
0 0.27141204 0.22981771 0.14930556 0.09479167
0 0.32280093 0.62239583 0.14976852 0.04843750
0 0.40601852 0.64518229 0.11759259 0.06380208
0 0.60891204 0.87304688 0.06689815 0.03854167
0 0.66469907 0.78756510 0.27986111 0.17252604
0 0.23020833 0.29544271 0.08541667 0.07473958
1 0.11701389 0.85319010 0.06226852 0.03528646
0 0.37326389 0.21816406 0.10625000 0.05481771
0 0.15960648 0.62513021 0.04004630 0.02968750
0 0.28888889 0.69003906 0.12222222 0.08007812
0 0.11828704 0.83261719 0.05787037 0.02148438
1 0.67256944 0.45084635 0.14282407 0.04179688
0 0.37037037 0.34114583 0.02222222 0.01171875
