1 0.65266927 0.09594907 0.05794271 0.10810185
1 0.81204427 0.55069444 0.07565104 0.11250000
1 0.14199219 0.27210648 0.08919271 0.14976852
1 0.52363281 0.53194444 0.06549479 0.07268519
1 0.43457031 0.71030093 0.12591146 0.19976852
0 0.45963542 0.84583333 0.07317708 0.09444444
0 0.52936198 0.80451389 0.10429688 0.18495370
0 0.32539062 0.11238426 0.03281250 0.10439815
0 0.11712240 0.66504630 0.13945313 0.25277778
0 0.65052083 0.21469907 0.07838542 0.13726852
1 0.29244792 0.12349537 0.08307292 0.15578704
0 0.28170573 0.84120370 0.10898437 0.15324074
1 0.99296875 0.25185185 0.01406250 0.11435185
0 0.05442708 0.47326389 0.10885417 0.26967593
0 0.34108073 0.21446759 0.07486979 0.12476852
0 0.76692708 0.01250000 0.06380208 0.02500000
0 0.80885417 0.68310185 0.09765625 0.15694444
0 0.97272135 0.26782407 0.05455729 0.13240741
0 0.58092448 0.52557870 0.01992188 0.01967593
0 0.18509115 0.44074074 0.14986979 0.23935185
0 0.26028646 0.63865741 0.13411458 0.23379630
0 0.73164063 0.02789352 0.02473958 0.05578704
1 0.71816406 0.13518519 0.09231771 0.16064815
0 0.85579427 0.00844907 0.06210938 0.01689815
0 0.18053385 0.79155093 0.14127604 0.22939815
0 0.68964844 0.09432870 0.01992187 0.03356481
0 0.11503906 0.35046296 0.03736979 0.04537037
0 0.57766927 0.46851852 0.05638021 0.10092593
0 0.70442708 0.66504630 0.07656250 0.06111111
