1 0.67838542 0.82071759 0.15312500 0.26319444
0 0.83040365 0.24768519 0.01835938 0.01527778
0 0.22493490 0.65000000 0.01315104 0.02175926
0 0.27285156 0.02326389 0.01940104 0.04652778
1 0.00807292 0.43622685 0.01614583 0.10532407
0 0.19908854 0.07754630 0.01692708 0.03888889
0 0.22832031 0.73287037 0.06054688 0.16481481
0 0.20175781 0.12268519 0.00898437 0.04027778
0 0.72962240 0.00879630 0.05507813 0.01759259
0 0.29108073 0.69351852 0.08059896 0.17361111
1 0.80533854 0.21967593 0.01796875 0.01805556
1 0.69778646 0.70405093 0.09531250 0.09375000
1 0.82148438 0.75902778 0.10911458 0.15787037
