0 0.33769531 0.01493056 0.01471354 0.02986111
0 0.01080729 0.04976852 0.02161458 0.09953704
0 0.12265625 0.44340278 0.05598958 0.09189815
0 0.35748698 0.21898148 0.04335937 0.02407407
1 0.25227865 0.45659722 0.12174479 0.16921296
0 0.50481771 0.12615741 0.06848958 0.11574074
1 0.66731771 0.73761574 0.09895833 0.17430556
0 0.33769531 0.45902778 0.07148437 0.09583333
0 0.03457031 0.01724537 0.04752604 0.03449074
0 0.37792969 0.46793981 0.03320312 0.05856481
0 0.78821615 0.42523148 0.05768229 0.09305556
1 0.54036458 0.07303241 0.06927083 0.12476852
1 0.35585937 0.32384259 0.11250000 0.21851852
0 0.04576823 0.80138889 0.08971354 0.13287037
0 0.12083333 0.35902778 0.06901042 0.09907407
0 0.41438802 0.00555556 0.02669271 0.01111111
0 0.34238281 0.05578704 0.00924479 0.05370370
