1 0.65416667 0.42928241 0.06484375 0.10023148
1 0.36106771 0.98275463 0.08072917 0.03449074
0 0.70670573 0.53333333 0.08085938 0.06018519
0 0.98372396 0.19189815 0.03255208 0.03611111
0 0.92441406 0.19039352 0.08710938 0.13078704
0 0.89993490 0.06516204 0.08763021 0.13032407
0 0.57259115 0.03206019 0.03424479 0.05625000
0 0.96770833 0.09803241 0.06458333 0.16597222
0 0.74186198 0.49722222 0.03710938 0.08055556
0 0.92005208 0.12430556 0.01171875 0.01296296
0 0.27845052 0.94780093 0.10351562 0.10439815
0 0.72194010 0.47534722 0.02825521 0.02939815
0 0.01048177 0.52361111 0.02096354 0.08240741
