0 0.99394531 0.04085648 0.01210937 0.07337963
1 0.91692708 0.25127315 0.07786458 0.12384259
0 0.10110677 0.18969907 0.02695312 0.10810185
0 0.08886719 0.35648148 0.07174479 0.23472222
1 0.82285156 0.00833333 0.03346354 0.01666667
0 0.83964844 0.50243056 0.05455729 0.07430556
1 0.96399740 0.31539352 0.07200521 0.12800926
1 0.72141927 0.50636574 0.04179687 0.09189815
1 0.55878906 0.00937500 0.02877604 0.01875000
1 0.62363281 0.57384259 0.07122396 0.15972222
1 0.53925781 0.62407407 0.10846354 0.19166667
1 0.80774740 0.98229167 0.08268229 0.03541667
1 0.07324219 0.54699074 0.07903646 0.04675926
1 0.03808594 0.62106481 0.07617188 0.11203704
