0 0.39479167 0.68483796 0.07109375 0.14884259
1 0.00911458 0.16481481 0.01822917 0.05740741
0 0.55201823 0.07893519 0.01731771 0.02685185
0 0.62089844 0.03414352 0.10403646 0.06828704
0 0.46321615 0.13784722 0.02617188 0.05208333
1 0.78457031 0.05694444 0.01523438 0.03148148
0 0.70182292 0.02083333 0.06979167 0.04166667
0 0.84023437 0.56550926 0.08619792 0.14583333
0 0.01510417 0.09259259 0.01588542 0.01203704
1 0.98548177 0.75289352 0.02903646 0.08726852
0 0.56503906 0.05289352 0.02226562 0.05023148
1 0.56256510 0.02372685 0.01835938 0.02615741
1 0.93411458 0.70335648 0.11354167 0.15671296
0 0.17415365 0.10729167 0.01627604 0.02476852
1 0.94993490 0.38252315 0.10013021 0.21967593
0 0.77317708 0.19872685 0.02708333 0.04560185
0 0.72662760 0.21689815 0.01002604 0.01712963
0 0.59648437 0.22870370 0.02630208 0.04722222
0 0.54498698 0.05335648 0.01835938 0.03217593
1 0.65911458 0.16215278 0.01171875 0.01226852
0 0.53899740 0.07997685 0.01497396 0.04143519
1 0.46835938 0.78391204 0.11015625 0.17384259
1 0.64108073 0.17453704 0.02799479 0.04398148
1 0.85208333 0.05891204 0.02812500 0.04791667
0 0.49290365 0.10486111 0.02304687 0.03240741
0 0.31393229 0.75543981 0.10911458 0.15625000
1 0.74680990 0.18842593 0.02721354 0.03472222
1 0.73489583 0.25057870 0.03098958 0.05162037
0 0.26751302 0.04305556 0.03007812 0.04027778
1 0.83066406 0.06435185 0.02278646 0.03611111
0 0.48899740 0.14085648 0.03138021 0.05069444
0 0.38886719 0.21504630 0.02929688 0.04675926
0 0.98522135 0.01238426 0.02955729 0.02476852
0 0.95520833 0.55937500 0.08958333 0.15069444
1 0.73600260 0.16261574 0.01497396 0.01967593
0 0.02897135 0.88113426 0.05794271 0.23773148
1 0.02766927 0.62777778 0.05533854 0.29027778
1 0.25859375 0.01030093 0.03020833 0.02060185
1 0.74928385 0.16145833 0.01731771 0.02245370
0 0.87591146 0.52546296 0.12682292 0.19768519
0 0.29153646 0.04884259 0.01901042 0.03564815
1 0.99075521 0.15057870 0.01848958 0.02152778
1 0.20416667 0.07222222 0.00729167 0.00740741
