1 0.92094907 0.43196615 0.15578704 0.08710937
1 0.53680556 0.41054687 0.22685185 0.12421875
1 0.80219907 0.15683594 0.19930556 0.11497396
1 0.91296296 0.07050781 0.17407407 0.12513021
0 0.56423611 0.64212240 0.01921296 0.01393229
0 0.97430556 0.36243490 0.05138889 0.08632812
0 0.59259259 0.63105469 0.06898148 0.02955729
0 0.89884259 0.39055990 0.12962963 0.05221354
0 0.90740741 0.31516927 0.15740741 0.08398438
1 0.00462963 0.06829427 0.00925926 0.02226562
1 0.12407407 0.35800781 0.06203704 0.03085937
0 0.09953704 0.83131510 0.09166667 0.04179687
1 0.06122685 0.77552083 0.05115741 0.01979167
1 0.00879630 0.64980469 0.01759259 0.02695313
1 0.12210648 0.31210938 0.05254630 0.02916667
1 0.12337963 0.03046875 0.04907407 0.03203125
0 0.65648148 0.57669271 0.14212963 0.08984375
0 0.13344907 0.96816406 0.03819444 0.03242188
1 0.51377315 0.53977865 0.17893519 0.09882813
0 0.91331019 0.20097656 0.17337963 0.12122396
2 0.84016204 0.01738281 0.11782407 0.03476563
0 0.48946759 0.30371094 0.16967593 0.10039062
0 0.51759259 0.63795573 0.08564815 0.04179687
0 0.03773148 0.81067708 0.07546296 0.09947917
0 0.66099537 0.31777344 0.18634259 0.11914062
1 0.80289352 0.34557292 0.10902778 0.07005208
1 0.13159722 0.34212240 0.05300926 0.02929688
1 0.13171296 0.55611979 0.04537037 0.02604167
1 0.00659722 0.04446615 0.01319444 0.03138021
0 0.94629630 0.00644531 0.06990741 0.01289062
0 0.52222222 0.61002604 0.11481481 0.03854167
0 0.27372685 0.02239583 0.19745370 0.04479167
