1 0.69368490 0.04618056 0.00924479 0.02152778
1 0.23300781 0.18055556 0.01679687 0.02916667
1 0.40748698 0.69479167 0.06523438 0.10115741
1 0.10677083 0.60277778 0.08125000 0.13240741
1 0.19733073 0.17569444 0.00950521 0.01388889
0 0.17864583 0.61932870 0.06093750 0.10115741
0 0.45039062 0.66759259 0.02708333 0.02824074
0 0.14511719 0.74861111 0.07122396 0.08379630
0 0.27252604 0.80312500 0.05911458 0.08726852
1 0.64882813 0.46296296 0.07682292 0.11203704
0 0.72031250 0.09675926 0.01718750 0.01481481
0 0.01555990 0.78425926 0.03111979 0.04722222
1 0.21080729 0.20856481 0.01875000 0.04398148
0 0.70032552 0.04027778 0.01158854 0.02500000
1 0.02825521 0.02141204 0.02890625 0.03912037
0 0.71809896 0.59282407 0.09348958 0.23842593
0 0.69674479 0.46354167 0.02630208 0.04560185
0 0.61985677 0.65208333 0.17122396 0.26666667
0 0.58391927 0.73078704 0.11393229 0.17175926
0 0.62428385 0.41064815 0.05429688 0.09953704
1 0.00891927 0.01747685 0.01783854 0.03495370
1 0.96757812 0.90590278 0.06484375 0.18819444
0 0.58274740 0.96655093 0.08476562 0.06689815
0 0.14570312 0.65833333 0.02057292 0.02453704
0 0.22135417 0.77060185 0.05703125 0.10000000
0 0.26679687 0.21689815 0.03671875 0.09722222
0 0.45605469 0.72372685 0.05950521 0.08634259
0 0.30839844 0.29560185 0.03033854 0.04166667
0 0.32981771 0.30104167 0.04140625 0.05254630
0 0.49694010 0.72662037 0.03867187 0.10092593
0 0.30195313 0.21388889 0.06380208 0.13657407
0 0.26822917 0.00543981 0.05833333 0.01087963
