1 0.31230469 0.51261574 0.15169271 0.24375000
1 0.78593750 0.91979167 0.12734375 0.16041667
0 0.94791667 0.32546296 0.04453125 0.02500000
0 0.87597656 0.36597222 0.04283854 0.06250000
0 0.17558594 0.55578704 0.13997396 0.21527778
0 0.25364583 0.62766204 0.08750000 0.11550926
0 0.27610677 0.39155093 0.02278646 0.04143519
0 0.66953125 0.87928241 0.11171875 0.19699074
1 0.88359375 0.28842593 0.05807292 0.11111111
0 0.95904948 0.38148148 0.08190104 0.05740741
0 0.02161458 0.47118056 0.04322917 0.15439815
