1 0.02988281 0.09282407 0.05507812 0.11064815
1 0.28652344 0.49444444 0.06914063 0.10555556
1 0.83235677 0.52858796 0.11393229 0.19189815
1 0.25930990 0.53773148 0.08320312 0.11574074
0 0.01015625 0.53912037 0.02031250 0.02407407
0 0.03684896 0.21759259 0.07369792 0.14027778
0 0.18229167 0.63472222 0.05807292 0.10787037
0 0.02949219 0.08379630 0.02096354 0.03518519
0 0.04759115 0.50717593 0.06966146 0.07731481
0 0.12343750 0.64849537 0.10156250 0.15347222
0 0.35481771 0.04652778 0.03437500 0.05740741
0 0.48528646 0.10104167 0.08515625 0.16087963
0 0.59791667 0.11053241 0.14088542 0.22106481
0 0.51334635 0.23888889 0.13997396 0.23657407
0 0.45084635 0.27916667 0.02018229 0.05370370
0 0.41243490 0.22152778 0.05820312 0.10833333
1 0.07337240 0.12118056 0.09518229 0.17152778
1 0.42148438 0.18333333 0.05755208 0.14675926
0 0.05677083 0.66053241 0.03255208 0.04699074
