0 0.48001302 0.84849537 0.10169271 0.17893519
0 0.41438802 0.02824074 0.06210937 0.05648148
0 0.56477865 0.71458333 0.09622396 0.16990741
0 0.09576823 0.32418981 0.05325521 0.05902778
0 0.29615885 0.10902778 0.13580729 0.21805556
0 0.49674479 0.05752315 0.11432292 0.11504630
0 0.43528646 0.18113426 0.15104167 0.25995370
0 0.71464844 0.43055556 0.04726562 0.09861111
0 0.22063802 0.17881944 0.03945313 0.04652778
0 0.71184896 0.03414352 0.05234375 0.06828704
1 0.55520833 0.40312500 0.02734375 0.05439815
0 0.50761719 0.70046296 0.03398438 0.05601852
0 0.67506510 0.42881944 0.05039063 0.11597222
0 0.54778646 0.04583333 0.14791667 0.09166667
