1 0.98730469 0.17141204 0.02539062 0.05439815
0 0.08815104 0.15428241 0.06406250 0.10023148
0 0.04811198 0.18194444 0.01914063 0.03796296
1 0.43170573 0.82754630 0.10533854 0.14212963
1 0.98079427 0.23842593 0.03841146 0.10925926
0 0.05305990 0.84224537 0.10611979 0.25254630
0 0.07871094 0.20972222 0.06471354 0.08703704
0 0.04511719 0.04027778 0.02278646 0.04490741
0 0.02148438 0.16377315 0.04296875 0.05578704
1 0.12291667 0.89317130 0.14140625 0.21365741
0 0.01705729 0.98298611 0.03411458 0.03402778
2 0.02617188 0.08842593 0.05234375 0.13379630
0 0.45566406 0.93576389 0.11236979 0.12847222
