0 0.02558594 0.55798611 0.05117187 0.05717593
0 0.96302083 0.49861111 0.06510417 0.10185185
0 0.58164062 0.31527778 0.07213542 0.13101852
0 0.71718750 0.57256944 0.06250000 0.11180556
0 0.77981771 0.69502315 0.07135417 0.11550926
0 0.63606771 0.36435185 0.07031250 0.11342593
2 0.77877604 0.58171296 0.06510417 0.09305556
0 0.65058594 0.29444444 0.06315104 0.09444444
0 0.16328125 0.37673611 0.07109375 0.10625000
0 0.85572917 0.41840278 0.08281250 0.09467593
0 0.31497396 0.04259259 0.05182292 0.08518519
0 0.91048177 0.43761574 0.06992188 0.08865741
0 0.87565104 0.33715278 0.08619792 0.13402778
0 0.94511719 0.35949074 0.09700521 0.13888889
1 0.27382812 0.42777778 0.11119792 0.19722222
0 0.14941406 0.48321759 0.04752604 0.11782407
1 0.50651042 0.62025463 0.03697917 0.10300926
0 0.24414062 0.09907407 0.02942708 0.04444444
0 0.27916667 0.03761574 0.08098958 0.07523148
0 0.19453125 0.00937500 0.03125000 0.01875000
1 0.45690104 0.55300926 0.02083333 0.01712963
0 0.95911458 0.42569444 0.03515625 0.04259259
0 0.22024740 0.58159722 0.11731771 0.18680556
1 0.45494792 0.61701389 0.05677083 0.10856481
0 0.24069010 0.04016204 0.04440104 0.08032407
