0 0.26562500 0.00983796 0.01067708 0.01967593
0 0.63229167 0.08703704 0.03385417 0.08055556
1 0.06783854 0.85555556 0.13567708 0.26574074
0 0.38697917 0.33240741 0.02421875 0.03425926
0 0.60416667 0.18414352 0.01484375 0.02245370
0 0.81809896 0.22581019 0.02682292 0.04236111
1 0.38274740 0.28321759 0.02513021 0.04513889
1 0.43496094 0.29780093 0.02955729 0.04513889
1 0.57018229 0.92372685 0.11328125 0.15254630
0 0.77369792 0.30636574 0.02135417 0.04328704
0 0.50136719 0.35069444 0.01419271 0.03842593
0 0.49726563 0.30763889 0.01250000 0.02546296
0 0.84407552 0.28564815 0.03320312 0.05879630
1 0.07832031 0.27106481 0.02643229 0.01805556
0 0.36764323 0.13819444 0.01679687 0.02268519
1 0.65579427 0.28831019 0.01497396 0.03865741
1 0.43398437 0.25057870 0.02890625 0.05162037
0 0.59166667 0.14664352 0.02682292 0.06365741
1 0.40748698 0.28402778 0.02408854 0.02962963
2 0.16744792 0.64039352 0.15182292 0.27384259
0 0.81777344 0.27326389 0.03346354 0.06041667
1 0.41386719 0.31736111 0.02877604 0.05462963
0 0.15716146 0.15717593 0.00651042 0.02407407
0 0.38294271 0.13460648 0.01432292 0.02060185
0 0.89674479 0.48252315 0.03385417 0.05347222
0 0.35462240 0.32893519 0.01992187 0.03009259
0 0.13652344 0.09976852 0.00768229 0.02129630
0 0.60481771 0.04606481 0.09348958 0.09212963
0 0.33639323 0.13171296 0.00924479 0.01435185
0 0.34746094 0.13680556 0.00898437 0.01990741
0 0.35156250 0.17129630 0.01276042 0.02037037
0 0.33782552 0.08460648 0.00716146 0.01689815
0 0.33593750 0.09467593 0.00807292 0.01203704
0 0.35709635 0.11296296 0.01002604 0.02083333
0 0.34505208 0.11076389 0.00937500 0.02430556
0 0.25130208 0.04421296 0.01484375 0.02685185
1 0.72923177 0.31319444 0.02539062 0.03518519
0 0.26165365 0.03738426 0.01106771 0.02384259
0 0.19231771 0.88043981 0.14296875 0.23912037
1 0.08268229 0.63946759 0.05833333 0.16458333
0 0.54205729 0.05289352 0.06145833 0.10578704
1 0.14153646 0.34317130 0.03098958 0.04930556
0 0.92701823 0.57777778 0.08190104 0.11250000
0 0.46243490 0.29594907 0.01914062 0.05949074
0 0.07115885 0.95682870 0.12356771 0.08634259
0 0.35286458 0.19629630 0.01302083 0.02129630
0 0.48444010 0.34930556 0.02070313 0.04444444
0 0.40983073 0.20138889 0.01236979 0.01620370
0 0.10429688 0.24537037 0.02994792 0.04907407
