0 0.71712963 0.97662760 0.09953704 0.04674479
0 0.78287037 0.70455729 0.13240741 0.07604167
1 0.06064815 0.50794271 0.06203704 0.02942708
1 0.26643519 0.52799479 0.14583333 0.08177083
1 0.01956019 0.74967448 0.03912037 0.03372396
0 0.01006944 0.24967448 0.02013889 0.02044271
0 0.00682870 0.28098958 0.01365741 0.02291667
0 0.00960648 0.56979167 0.01921296 0.02447917
0 0.14560185 0.27545573 0.05601852 0.02981771
0 0.13622685 0.59238281 0.04467593 0.02643229
0 0.03217593 0.66946615 0.06435185 0.07018229
0 0.71168981 0.75755208 0.16365741 0.08463542
1 0.00798611 0.97864583 0.01273148 0.01822917
0 0.02534722 0.77278646 0.05069444 0.02838542
0 0.07256944 0.30618490 0.02569444 0.02044271
0 0.00335648 0.54609375 0.00671296 0.01666667
0 0.83321759 0.99739583 0.06875000 0.00520833
0 0.02291667 0.19661458 0.04583333 0.02864583
1 0.05671296 0.35494792 0.04259259 0.02760417
0 0.20266204 0.48053385 0.12013889 0.07278646
0 0.14652778 0.01536458 0.03888889 0.03072917
1 0.88784722 0.04954427 0.22430556 0.09908854
1 0.15810185 0.51477865 0.04629630 0.03164063
1 0.14895833 0.24993490 0.05810185 0.02565104
0 0.07314815 0.46914062 0.05694444 0.02239583
0 0.65150463 0.71751302 0.13263889 0.07903646
0 0.05636574 0.20358073 0.03587963 0.01940104
