1 0.22649740 0.69733796 0.10742188 0.16226852
1 0.93522135 0.67962963 0.12955729 0.24259259
1 0.66686198 0.19386574 0.09700521 0.16921296
1 0.97376302 0.47673611 0.05247396 0.23634259
0 0.98209635 0.35497685 0.03580729 0.04699074
0 0.59173177 0.27222222 0.07773438 0.14074074
0 0.77024740 0.25462963 0.07773438 0.09444444
1 0.16777344 0.84317130 0.11132813 0.17939815
0 0.64518229 0.33761574 0.07031250 0.06087963
2 0.41555990 0.36620370 0.06601562 0.18287037
0 0.57682292 0.93900463 0.08333333 0.12199074
0 0.49029948 0.84583333 0.06158854 0.06111111
0 0.50208333 0.92280093 0.10156250 0.15439815
0 0.44765625 0.37141204 0.07213542 0.19884259
0 0.97285156 0.97986111 0.05429688 0.04027778
1 0.58782552 0.79432870 0.08893229 0.17199074
