1 0.04531250 0.92789352 0.09062500 0.14421296
1 0.44908854 0.74629630 0.02994792 0.08888889
0 0.02734375 0.56793981 0.05468750 0.10995370
0 0.95970052 0.23715278 0.08059896 0.23217593
0 0.00800781 0.84155093 0.01601562 0.06041667
1 0.88385417 0.95150463 0.10911458 0.09699074
0 0.84303385 0.19085648 0.01549479 0.04930556
0 0.81699219 0.18391204 0.05429688 0.06458333
0 0.69088542 0.48761574 0.03437500 0.05439815
0 0.84244792 0.15081019 0.00781250 0.03217593
0 0.40774740 0.88819444 0.12174479 0.19074074
1 0.70253906 0.34143519 0.03007812 0.07129630
0 0.83906250 0.04409722 0.05052083 0.08819444
