0 0.18414352 0.50709635 0.04282407 0.02903646
1 0.09467593 0.75865885 0.03194444 0.02044271
0 0.14189815 0.49147135 0.05694444 0.02643229
0 0.22337963 0.46595052 0.04398148 0.02695313
0 0.71388889 0.93776042 0.09120370 0.05963542
1 0.21979167 0.41673177 0.00810185 0.01367188
0 0.06354167 0.61132812 0.12708333 0.08098958
1 0.79664352 0.23958333 0.26875000 0.15312500
0 0.23807870 0.37662760 0.02847222 0.01210938
0 0.01516204 0.11608073 0.03032407 0.02148438
0 0.03842593 0.54960937 0.04166667 0.00885417
0 0.00636574 0.54980469 0.01273148 0.01028646
0 0.10092593 0.69212240 0.14120370 0.09179688
