1 0.06204427 0.95682870 0.12408854 0.08634259
1 0.09088542 0.86134259 0.11848958 0.16111111
0 0.00488281 0.36365741 0.00976562 0.05231481
1 0.26178385 0.02442130 0.02825521 0.04884259
0 0.41471354 0.03182870 0.02317708 0.02615741
0 0.44101563 0.03229167 0.00338542 0.01828704
0 0.02858073 0.43437500 0.05716146 0.11736111
1 0.75052083 0.62766204 0.03854167 0.06180556
1 0.55006510 0.61597222 0.07200521 0.09907407
0 0.88170573 0.96215278 0.04700521 0.02476852
0 0.29153646 0.02245370 0.02473958 0.04490741
0 0.69029948 0.77650463 0.07643229 0.11550926
0 0.92669271 0.82534722 0.14661458 0.27384259
0 0.19694010 0.78750000 0.07174479 0.07685185
0 0.90891927 0.47418981 0.02330729 0.09791667
0 0.18339844 0.93692130 0.10820312 0.12615741
1 0.87304688 0.63043981 0.06744792 0.21550926
