0 0.01432292 0.67071759 0.02864583 0.19791667
0 0.36497396 0.60243056 0.07057292 0.05856481
0 0.02506510 0.04895833 0.03216146 0.05254630
2 0.82988281 0.92314815 0.14335938 0.15277778
0 0.97968750 0.01469907 0.04062500 0.02939815
1 0.40162760 0.00821759 0.02460937 0.01134259
1 0.17636719 0.06574074 0.03450521 0.05879630
0 0.61334635 0.09212963 0.03372396 0.04907407
0 0.16510417 0.03078704 0.01067708 0.01666667
0 0.62825521 0.04456019 0.01328125 0.04884259
1 0.60950521 0.04004630 0.03697917 0.07222222
1 0.60253906 0.01076389 0.03398437 0.02152778
2 0.46061198 0.11805556 0.03372396 0.05972222
0 0.95143229 0.12500000 0.02890625 0.05555556
0 0.00410156 0.79629630 0.00820313 0.05509259
0 0.58606771 0.04918981 0.02239583 0.05810185
0 0.02786458 0.62071759 0.05572917 0.19004630
0 0.72311198 0.54062500 0.10794271 0.17800926
0 0.82363281 0.58159722 0.12226563 0.18310185
