1 0.66458333 0.19003906 0.15925926 0.10091146
0 0.75462963 0.24186198 0.08379630 0.07695312
0 0.35983796 0.60904948 0.29699074 0.09440104
0 0.20289352 0.03072917 0.05671296 0.03177083
0 0.41909722 0.70377604 0.28587963 0.17083333
0 0.41585648 0.09140625 0.07615741 0.04244792
0 0.11446759 0.70084635 0.22893519 0.18085937
0 0.60011574 0.42604167 0.07106481 0.03463542
0 0.45300926 0.03847656 0.12824074 0.07695312
0 0.29652778 0.81829427 0.35185185 0.19986979
1 0.07476852 0.03932292 0.05972222 0.04244792
0 0.76608796 0.18795573 0.06319444 0.04596354
0 0.29537037 0.44733073 0.11250000 0.04674479
1 0.51226852 0.94127604 0.26712963 0.11744792
0 0.07905093 0.49778646 0.03819444 0.03177083
0 0.28067130 0.01061198 0.11550926 0.02122396
0 0.65555556 0.54791667 0.11250000 0.06406250
1 0.78460648 0.77408854 0.11273148 0.06536458
0 0.56643519 0.47838542 0.25046296 0.14244792
0 0.65115741 0.24231771 0.04953704 0.00494792
0 0.43946759 0.39765625 0.19606481 0.09088542
0 0.78587963 0.97799479 0.23611111 0.04401042
0 0.65347222 0.61569010 0.10972222 0.07200521
0 0.67106481 0.33229167 0.25138889 0.17708333
1 0.57800926 0.59140625 0.10277778 0.03932292
