1 0.36438802 0.65590278 0.04075521 0.11134259
0 0.22174479 0.08715278 0.16041667 0.17430556
0 0.27584635 0.10370370 0.10794271 0.18657407
0 0.76933594 0.54652778 0.02695313 0.08564815
0 0.11699219 0.14108796 0.11497396 0.08541667
0 0.78235677 0.64537037 0.05742187 0.11388889
0 0.62558594 0.87395833 0.17565104 0.25208333
1 0.98847656 0.12129630 0.02304688 0.06944444
0 0.49290365 0.64421296 0.04960938 0.07407407
1 0.61035156 0.64456019 0.13763021 0.22893519
0 0.72832031 0.83599537 0.09752604 0.24652778
0 0.33248698 0.01655093 0.06184896 0.03310185
0 0.49589844 0.82673611 0.08268229 0.14097222
