0 0.90755208 0.39687500 0.07890625 0.12708333
0 0.64570313 0.28240741 0.14322917 0.26805556
0 0.70156250 0.90729167 0.12604167 0.18541667
0 0.56373698 0.88935185 0.14309896 0.22129630
1 0.66250000 0.94583333 0.16588542 0.10833333
1 0.55026042 0.09166667 0.16041667 0.18333333
0 0.98958333 0.29456019 0.02083333 0.14652778
1 0.42552083 0.34571759 0.05234375 0.12662037
0 0.76432292 0.45509259 0.05052083 0.04305556
0 0.53437500 0.46168981 0.08723958 0.12060185
0 0.00996094 0.06574074 0.01992187 0.10694444
0 0.00559896 0.31458333 0.01119792 0.07453704
0 0.79095052 0.05451389 0.01992187 0.05578704
1 0.79980469 0.02916667 0.03216146 0.05509259
0 0.97259115 0.44224537 0.05481771 0.05578704
0 0.50481771 0.23831019 0.19348958 0.30532407
0 0.93092448 0.26608796 0.09752604 0.14884259
