1 0.33203125 0.50810185 0.08906250 0.15092593
1 0.07851563 0.35277778 0.06744792 0.08611111
1 0.02233073 0.36331019 0.04466146 0.05578704
0 0.07044271 0.41539352 0.06770833 0.07337963
1 0.67936198 0.23541667 0.05794271 0.13981481
1 0.38398437 0.43935185 0.08541667 0.14120370
0 0.18496094 0.01435185 0.06783854 0.02870370
0 0.13287760 0.01817130 0.05716146 0.03634259
1 0.82779948 0.09270833 0.05898437 0.13819444
0 0.16621094 0.02511574 0.01679688 0.01921296
1 0.74309896 0.26666667 0.08932292 0.13194444
0 0.85169271 0.17453704 0.02578125 0.04166667
1 0.63925781 0.46180556 0.06028646 0.07777778
0 0.20683594 0.04085648 0.06653646 0.08171296
