0 0.90846354 0.05347222 0.04739583 0.08935185
0 0.60240885 0.02881944 0.00924479 0.02245370
1 0.98183594 0.87650463 0.03632813 0.13217593
0 0.05253906 0.10497685 0.00716146 0.03078704
0 0.13222656 0.23437500 0.03190104 0.03587963
1 0.10807292 0.21990741 0.01145833 0.03240741
1 0.62200521 0.12210648 0.03177083 0.05162037
1 0.52552083 0.19699074 0.02447917 0.04212963
0 0.54472656 0.01203704 0.01393229 0.02407407
0 0.47122396 0.75682870 0.04479167 0.14976852
0 0.18841146 0.58680556 0.14010417 0.23194444
0 0.34908854 0.06400463 0.02161458 0.02615741
0 0.59192708 0.70717593 0.05104167 0.14398148
1 0.29654948 0.44386574 0.13528646 0.25023148
