0 0.34837240 0.52615741 0.12018229 0.16388889
0 0.45690104 0.63206019 0.11588542 0.20254630
0 0.92161458 0.13854167 0.01666667 0.03402778
0 0.43196615 0.52222222 0.04908854 0.05694444
1 0.22350260 0.65520833 0.03945313 0.04236111
1 0.26341146 0.62592593 0.06250000 0.12129630
0 0.97161458 0.10937500 0.03958333 0.05902778
1 0.70833333 0.48043981 0.07916667 0.13680556
1 0.97994792 0.40729167 0.01562500 0.03495370
0 0.94934896 0.02754630 0.10130208 0.05509259
1 0.79238281 0.27303241 0.05013021 0.07245370
0 0.72734375 0.26956019 0.02005208 0.07245370
1 0.96425781 0.32615741 0.05377604 0.09305556
0 0.83580729 0.02534722 0.09973958 0.05069444
