1 0.70703125 0.01990741 0.03281250 0.03981481
1 0.71542969 0.05601852 0.03632813 0.06898148
0 0.34407552 0.02256944 0.02148438 0.03032407
0 0.15768229 0.06863426 0.02942708 0.05115741
0 0.95820313 0.39363426 0.08359375 0.16226852
0 0.03912760 0.07766204 0.07825521 0.13865741
0 0.30742187 0.60798611 0.06927083 0.12060185
0 0.33776042 0.42013889 0.12682292 0.16759259
0 0.26569010 0.51365741 0.03815104 0.16296296
0 0.19954427 0.51805556 0.12825521 0.21759259
1 0.26250000 0.01354167 0.02187500 0.02708333
0 0.78111979 0.85717593 0.14609375 0.24027778
1 0.30000000 0.08252315 0.03151042 0.05717593
0 0.97200521 0.24722222 0.03333333 0.05509259
2 0.57083333 0.13090278 0.03255208 0.05671296
0 0.69225260 0.06805556 0.02695312 0.05648148
1 0.21197917 0.01493056 0.03177083 0.02986111
0 0.71731771 0.10648148 0.03255208 0.04675926
0 0.00755208 0.74363426 0.01510417 0.12199074
0 0.38385417 0.56840278 0.14557292 0.25486111
0 0.29003906 0.05046296 0.01080729 0.01851852
