0 0.29700521 0.18900463 0.10182292 0.17476852
1 0.95423177 0.37581019 0.09153646 0.20671296
1 0.44934896 0.56759259 0.11406250 0.14305556
0 0.19498698 0.24120370 0.10846354 0.18333333
0 0.54986979 0.30439815 0.13359375 0.24629630
0 0.33404948 0.05682870 0.11471354 0.11365741
0 0.21087240 0.08067130 0.11705729 0.16134259
0 0.21347656 0.42210648 0.08007813 0.13310185
0 0.00963542 0.51817130 0.01927083 0.09791667
0 0.54472656 0.52407407 0.12486979 0.20462963
0 0.43222656 0.43935185 0.12591146 0.19444444
0 0.01705729 0.34398148 0.03411458 0.08657407
0 0.27766927 0.34108796 0.10924479 0.17337963
1 0.04498698 0.80983796 0.08997396 0.21782407
1 0.42304687 0.21655093 0.15963542 0.29930556
0 0.30097656 0.43159722 0.10013021 0.10300926
1 0.35345052 0.58738426 0.09205729 0.12662037
