0 0.33085938 0.35069444 0.08958333 0.11759259
0 0.64029948 0.93611111 0.06627604 0.03981481
1 0.38815104 0.98923611 0.07239583 0.02152778
0 0.37343750 0.95972222 0.06354167 0.06111111
0 0.08652344 0.38101852 0.07877604 0.18981481
0 0.46796875 0.06134259 0.02161458 0.05231481
1 0.91315104 0.00567130 0.01171875 0.01134259
1 0.52109375 0.06944444 0.03046875 0.04861111
0 0.80221354 0.89398148 0.03229167 0.03148148
0 0.21341146 0.48599537 0.00859375 0.02847222
1 0.49674479 0.03761574 0.02005208 0.04606481
0 0.21966146 0.98206019 0.02916667 0.03587963
1 0.57617188 0.24699074 0.03020833 0.05740741
0 0.15065104 0.34814815 0.07812500 0.19768519
0 0.41575521 0.46238426 0.08776042 0.13680556
