1 0.71377315 0.31940104 0.04097222 0.02239583
0 0.14236111 0.06406250 0.01990741 0.01458333
0 0.16446759 0.06855469 0.04791667 0.02174479
0 0.59351852 0.27955729 0.02777778 0.04244792
1 0.29178241 0.38352865 0.04143519 0.03372396
0 0.93680556 0.28216146 0.02314815 0.01666667
1 0.01018519 0.29062500 0.02037037 0.00859375
0 0.24074074 0.69335938 0.01527778 0.01093750
1 0.59965278 0.48385417 0.14143519 0.06901042
1 0.17777778 0.10924479 0.01064815 0.00963542
0 0.62268519 0.25488281 0.03796296 0.01861979
0 0.84930556 0.26744792 0.12222222 0.04947917
0 0.85266204 0.22337240 0.10902778 0.07044271
0 0.13240741 0.06803385 0.00787037 0.01054687
1 0.02650463 0.63281250 0.05300926 0.06406250
2 0.21585648 0.12369792 0.00949074 0.00729167
0 0.21273148 0.05156250 0.05138889 0.01302083
0 0.27337963 0.49134115 0.05648148 0.03502604
1 0.05150463 0.06816406 0.01180556 0.00481771
0 0.94016204 0.21992187 0.09976852 0.07161458
1 0.89606481 0.28606771 0.01250000 0.00807292
0 0.41134259 0.29850260 0.01666667 0.00924479
0 0.16631944 0.09361979 0.01643519 0.00651042
0 0.50833333 0.26419271 0.02361111 0.01067708
0 0.51435185 0.04264323 0.02083333 0.02304688
0 0.20023148 0.11914062 0.02268519 0.01276042
0 0.47731481 0.08020833 0.02083333 0.01927083
0 0.47372685 0.03821615 0.02939815 0.02200521
0 0.45046296 0.08261719 0.03796296 0.03841146
0 0.76099537 0.02434896 0.02106481 0.01250000
0 0.71527778 0.03919271 0.02407407 0.01432292
0 0.90497685 0.05527344 0.03310185 0.01705729
0 0.56909722 0.03717448 0.03356481 0.01601562
0 0.94895833 0.04583333 0.02893519 0.02239583
1 0.21307870 0.11575521 0.01736111 0.00963542
1 0.53587963 0.50279948 0.07777778 0.04596354
