1 0.06946615 0.16782407 0.01497396 0.04629630
0 0.25182292 0.04652778 0.01171875 0.02638889
0 0.11881510 0.00775463 0.04388021 0.01550926
0 0.26171875 0.00937500 0.04427083 0.01875000
0 0.46158854 0.07731481 0.02317708 0.04166667
0 0.64264323 0.05833333 0.01549479 0.02129630
0 0.06497396 0.07060185 0.01015625 0.00694444
0 0.04544271 0.09965278 0.00520833 0.00810185
0 0.85345052 0.73703704 0.01809896 0.03333333
0 0.44127604 0.09687500 0.02421875 0.04282407
1 0.08938802 0.15879630 0.00481771 0.01851852
1 0.18287760 0.25011574 0.00533854 0.01273148
0 0.89973958 0.87476852 0.08723958 0.19629630
0 0.14049479 0.28032407 0.00625000 0.03842593
0 0.96894531 0.21608796 0.01757812 0.02060185
0 0.95462240 0.85023148 0.08007812 0.12916667
1 0.98658854 0.23773148 0.02682292 0.05370370
1 0.71848958 0.52615741 0.17916667 0.30879630
1 0.13261719 0.26192130 0.01783854 0.06319444
0 0.58378906 0.71284722 0.16445312 0.28587963
1 0.12571615 0.16967593 0.01523437 0.05277778
