0 0.14069010 0.04780093 0.02669271 0.03773148
0 0.23404948 0.44282407 0.03085937 0.04861111
0 0.88815104 0.91296296 0.13880208 0.17407407
2 0.71009115 0.00486111 0.00690104 0.00972222
0 0.09472656 0.17870370 0.01471354 0.03981481
0 0.74029948 0.06099537 0.06731771 0.12199074
1 0.72519531 0.37326389 0.10559896 0.23125000
0 0.09023437 0.48252315 0.07473958 0.10347222
0 0.15546875 0.42743056 0.06979167 0.12476852
0 0.09375000 0.39050926 0.08072917 0.13379630
0 0.05839844 0.36377315 0.06315104 0.13310185
0 0.62513021 0.58715278 0.14140625 0.25671296
2 0.97578125 0.90439815 0.04843750 0.19120370
1 0.31438802 0.32407407 0.02851563 0.05046296
0 0.08802083 0.21932870 0.03307292 0.05347222
2 0.01119792 0.25358796 0.00963542 0.03310185
1 0.00657552 0.31886574 0.01315104 0.03402778
0 0.02493490 0.29432870 0.01835937 0.03217593
0 0.77161458 0.04537037 0.05885417 0.09074074
0 0.39375000 0.00752315 0.01328125 0.01504630
0 0.50175781 0.77002315 0.08059896 0.04143519
1 0.87330729 0.18391204 0.00755208 0.00717593
0 0.00494792 0.35057870 0.00989583 0.03402778
0 0.35983073 0.14594907 0.01549479 0.04236111
1 0.78606771 0.19641204 0.00911458 0.01782407
0 0.36158854 0.08460648 0.01927083 0.05069444
0 0.16595052 0.01087963 0.02356771 0.02175926
0 0.37031250 0.05046296 0.00703125 0.01944444
0 0.14277344 0.07847222 0.01158854 0.03472222
0 0.38515625 0.00277778 0.00468750 0.00555556
0 0.38873698 0.00162037 0.00325521 0.00324074
0 0.04687500 0.16446759 0.03958333 0.07106481
0 0.93216146 0.77986111 0.11250000 0.12453704
0 0.05175781 0.21331019 0.01471354 0.02569444
