0 0.68043981 0.98522135 0.14837963 0.02955729
0 0.21122685 0.98216146 0.03865741 0.03567708
0 0.60208333 0.32421875 0.09629630 0.05677083
1 0.55763889 0.39824219 0.19861111 0.09388021
0 0.14861111 0.78502604 0.02546296 0.03203125
0 0.72523148 0.29062500 0.11296296 0.07656250
1 0.13217593 0.85410156 0.13518519 0.08268229
0 0.55833333 0.29746094 0.12222222 0.07252604
0 0.74745370 0.39322917 0.19953704 0.13567708
0 0.68611111 0.66907552 0.17453704 0.10429687
0 0.50173611 0.36608073 0.08310185 0.03971354
0 0.54629630 0.17421875 0.34861111 0.14296875
1 0.57430556 0.91725260 0.14398148 0.09023437
0 0.54884259 0.97858073 0.11018519 0.04283854
0 0.84282407 0.98860677 0.14490741 0.02278646
0 0.10138889 0.93984375 0.20277778 0.10703125
1 0.68321759 0.51035156 0.22523148 0.14440104
0 0.10219907 0.98606771 0.20439815 0.02786458
0 0.72037037 0.00957031 0.11666667 0.01914063
