1 0.88730469 0.90694444 0.18138021 0.18611111
0 0.73118490 0.92442130 0.14466146 0.15115741
0 0.71334635 0.46365741 0.07486979 0.12685185
0 0.34726563 0.41886574 0.02994792 0.04421296
1 0.93535156 0.17129630 0.02643229 0.06203704
0 0.64472656 0.41377315 0.08919271 0.14560185
0 0.63209635 0.51134259 0.05664062 0.09768519
0 0.79817708 0.81539352 0.08619792 0.15949074
0 0.17369792 0.38576389 0.05208333 0.12569444
0 0.28509115 0.06817130 0.01914063 0.04791667
0 0.19733073 0.20798611 0.02148438 0.03217593
0 0.73802083 0.01886574 0.02473958 0.03773148
0 0.07838542 0.01469907 0.02942708 0.02939815
0 0.29674479 0.05972222 0.01875000 0.04583333
0 0.39173177 0.40567130 0.00950521 0.00902778
0 0.47604167 0.51863426 0.01536458 0.08587963
0 0.39472656 0.53935185 0.16263021 0.28194444
0 0.72936198 0.04143519 0.07304687 0.08287037
1 0.49095052 0.33541667 0.16705729 0.29166667
0 0.21875000 0.20439815 0.03072917 0.04212963
