0 0.03580729 0.24363426 0.07161458 0.30023148
0 0.85572917 0.39965278 0.08776042 0.10393519
0 0.58574219 0.63634259 0.03919271 0.06435185
0 0.94270833 0.43969907 0.05338542 0.08171296
0 0.05273438 0.05115741 0.10546875 0.10231481
0 0.57408854 0.55856481 0.06119792 0.09259259
0 0.33990885 0.78217593 0.04075521 0.14907407
1 0.23723958 0.16620370 0.07083333 0.11990741
1 0.68496094 0.62187500 0.02044271 0.03171296
0 0.08587240 0.32615741 0.06940104 0.08425926
0 0.37480469 0.94363426 0.05872396 0.11273148
1 0.90319010 0.34641204 0.09283854 0.14421296
1 0.72825521 0.47384259 0.09687500 0.21944444
