0 0.14394531 0.24317130 0.24596354 0.42754630
1 0.04309896 0.75486111 0.08619792 0.16620370
0 0.70319010 0.98356481 0.10013021 0.03287037
0 0.47662760 0.47592593 0.21158854 0.38518519
1 0.08333333 0.59548611 0.11067708 0.19745370
0 0.58613281 0.94583333 0.14856771 0.10833333
1 0.01223958 0.61030093 0.02447917 0.13032407
0 0.26106771 0.57152778 0.21979167 0.33750000
0 0.78606771 0.15405093 0.05364583 0.09791667
0 0.84231771 0.11157407 0.07057292 0.13425926
0 0.27897135 0.36631944 0.02330729 0.06180556
0 0.36907552 0.25694444 0.20820313 0.33750000
