0 0.56914062 0.04363426 0.03177083 0.05995370
0 0.28808594 0.27094907 0.04882812 0.06875000
0 0.31699219 0.51226852 0.05481771 0.08240741
0 0.05839844 0.63495370 0.05039062 0.09861111
1 0.28404948 0.56481481 0.06341146 0.04212963
0 0.55618490 0.32164352 0.13216146 0.21828704
1 0.73391927 0.82337963 0.09153646 0.18009259
1 0.84850260 0.81805556 0.11106771 0.20185185
0 0.72506510 0.19780093 0.10742188 0.28495370
0 0.35104167 0.22627315 0.01692708 0.04652778
0 0.33730469 0.31168981 0.05299479 0.12060185
0 0.78828125 0.94328704 0.11197917 0.11342593
1 0.10781250 0.61921296 0.07864583 0.11574074
1 0.96822917 0.91840278 0.06354167 0.14050926
1 0.87623698 0.58125000 0.00924479 0.02268519
1 0.30605469 0.21597222 0.07695313 0.13888889
