0 0.32951389 0.21803385 0.04189815 0.02486979
0 0.16099537 0.41816406 0.03356481 0.02330729
0 0.18067130 0.64550781 0.36134259 0.22096354
0 0.01030093 0.37298177 0.02060185 0.03658854
0 0.40150463 0.56022135 0.05115741 0.01888021
0 0.06527778 0.36927083 0.10462963 0.06041667
0 0.52650463 0.02988281 0.16365741 0.05976563
1 0.95219907 0.95963542 0.09560185 0.08072917
0 0.43206019 0.01139323 0.03217593 0.02278646
0 0.39618056 0.22675781 0.09791667 0.05403646
0 0.14085648 0.86445313 0.28171296 0.24427083
0 0.03645833 0.73671875 0.07291667 0.06067708
1 0.98217593 0.01861979 0.03564815 0.03723958
