1 0.47638889 0.92513021 0.11111111 0.07786458
1 0.84803241 0.98072917 0.21643519 0.03854167
0 0.15416667 0.68684896 0.24027778 0.08359375
1 0.30069444 0.72076823 0.07638889 0.07252604
0 0.84594907 0.10377604 0.07569444 0.04765625
1 0.70277778 0.78203125 0.14444444 0.08776042
0 0.79328704 0.85651042 0.16250000 0.09687500
1 0.62847222 0.27018229 0.08611111 0.02473958
0 0.80138889 0.50514323 0.17824074 0.10481771
0 0.67766204 0.86790365 0.09837963 0.07981771
0 0.93113426 0.86276042 0.13773148 0.10911458
0 0.78425926 0.91555990 0.06990741 0.03502604
0 0.74571759 0.95768229 0.14699074 0.08463542
0 0.64722222 0.95885417 0.08888889 0.08229167
0 0.09050926 0.91705729 0.18101852 0.08984375
0 0.14791667 0.79088542 0.29583333 0.19921875
0 0.29363426 0.78678385 0.04884259 0.10039063
0 0.25277778 0.65351563 0.09907407 0.06328125
1 0.77604167 0.30716146 0.22800926 0.14973958
0 0.71192130 0.15690104 0.09699074 0.05520833
1 0.65590278 0.22819010 0.18125000 0.10169271
0 0.67615741 0.13821615 0.13888889 0.06575521
0 0.85173611 0.34329427 0.07476852 0.06210937
1 0.94710648 0.95813802 0.10532407 0.08372396
0 0.84733796 0.19960937 0.20254630 0.13229167
