0 0.05092593 0.33476563 0.10185185 0.04505208
0 0.09895833 0.32734375 0.01550926 0.03515625
0 0.95995370 0.61660156 0.08009259 0.05950521
0 0.21527778 0.52148438 0.08981481 0.05234375
0 0.10729167 0.53190104 0.08587963 0.03281250
1 0.16898148 0.56152344 0.09444444 0.05846354
1 0.49282407 0.46555990 0.13981481 0.08216146
0 0.10775463 0.37011719 0.05254630 0.05768229
0 0.67349537 0.44055990 0.09189815 0.05507812
1 0.16585648 0.48261719 0.10300926 0.06054688
0 0.45069444 0.44908854 0.07962963 0.05390625
0 0.08611111 0.87845052 0.02638889 0.00950521
0 0.05567130 0.39817708 0.11134259 0.08854167
1 0.52870370 0.59082031 0.07777778 0.05585938
1 0.54444444 0.40625000 0.12685185 0.07578125
0 0.15706019 0.71191406 0.07152778 0.03945313
0 0.91099537 0.66152344 0.12893519 0.06888021
0 0.01388889 0.44466146 0.02777778 0.01093750
