0 0.15976562 0.37372685 0.02812500 0.05810185
0 0.12714844 0.29120370 0.04179687 0.14027778
0 0.04583333 0.56944444 0.04322917 0.05000000
0 0.08320313 0.51192130 0.06458333 0.11134259
0 0.79023438 0.03796296 0.06302083 0.07592593
0 0.17102865 0.27743056 0.10273437 0.16226852
0 0.55904948 0.94756944 0.13945313 0.10486111
0 0.21223958 0.37673611 0.09453125 0.11782407
0 0.34739583 0.70057870 0.07083333 0.11504630
0 0.13196615 0.11076389 0.01653646 0.04421296
0 0.20885417 0.07002315 0.21744792 0.14004630
1 0.16549479 0.58587963 0.03333333 0.02268519
1 0.89733073 0.92685185 0.13893229 0.09259259
2 0.39863281 0.83773148 0.16627604 0.31018519
0 0.44108073 0.99456019 0.02382813 0.01087963
1 0.83873698 0.83414352 0.11992187 0.17199074
0 0.28326823 0.30057870 0.10898437 0.17476852
0 0.29817708 0.39629630 0.08333333 0.11666667
0 0.09244792 0.62708333 0.06197917 0.11666667
0 0.30664062 0.57222222 0.07239583 0.12546296
2 0.39029948 0.58344907 0.06757812 0.10671296
0 0.84863281 0.05069444 0.06861979 0.10138889
0 0.39192708 0.16157407 0.19817708 0.32314815
