1 0.27949219 0.74178241 0.09986979 0.19097222
1 0.25937500 0.87696759 0.10703125 0.16550926
0 0.42278646 0.70428241 0.05000000 0.11273148
0 0.16959635 0.75995370 0.04231771 0.11018519
0 0.11145833 0.06076389 0.08411458 0.12152778
1 0.97415365 0.66365741 0.02929688 0.08287037
0 0.98255208 0.20937500 0.03489583 0.18263889
1 0.56406250 0.65543981 0.05000000 0.12060185
0 0.16751302 0.87245370 0.07721354 0.13194444
0 0.23268229 0.66388889 0.02395833 0.07037037
0 0.15455729 0.02812500 0.07994792 0.05625000
1 0.83170573 0.66875000 0.08815104 0.11898148
1 0.07643229 0.30335648 0.06901042 0.11041667
