0 0.76158854 0.45729167 0.02916667 0.03958333
0 0.11419271 0.31064815 0.07317708 0.11203704
1 0.02024740 0.27002315 0.04049479 0.12939815
1 0.75807292 0.69502315 0.12916667 0.20625000
1 0.44225260 0.68159722 0.08059896 0.21273148
0 0.16946615 0.86817130 0.06028646 0.09699074
1 0.53561198 0.72268519 0.14101562 0.26342593
0 0.37584635 0.42094907 0.06341146 0.05532407
0 0.72415365 0.45925926 0.04830729 0.04166667
1 0.38723958 0.29421296 0.08385417 0.15231481
2 0.01940104 0.38576389 0.03880208 0.15671296
0 0.75384115 0.39942130 0.03476563 0.07893519
0 0.57825521 0.98773148 0.04322917 0.02453704
0 0.22122396 0.94467593 0.08776042 0.11064815
0 0.13945313 0.92314815 0.10052083 0.15370370
0 0.98548177 0.53854167 0.02903646 0.08634259
0 0.78404948 0.77187500 0.08346354 0.11782407
0 0.73001302 0.29768519 0.05638021 0.14259259
0 0.71933594 0.60300926 0.06523437 0.12777778
0 0.49824219 0.35381944 0.06497396 0.08032407
1 0.52858073 0.50243056 0.12356771 0.24236111
1 0.24850260 0.81539352 0.08789062 0.16087963
0 0.14934896 0.46608796 0.06692708 0.06226852
0 0.32545573 0.36516204 0.07070312 0.12662037
0 0.06139323 0.40439815 0.09388021 0.17222222
0 0.01250000 0.20069444 0.02135417 0.02592593
0 0.10553385 0.46817130 0.02539062 0.01643519
1 0.74694010 0.22037037 0.02721354 0.03611111
