0 0.74085648 0.53743490 0.20717593 0.11653646
0 0.94120370 0.07265625 0.11759259 0.09140625
1 0.35937500 0.06914062 0.11828704 0.06875000
0 0.40219907 0.23561198 0.10300926 0.12513021
0 0.74108796 0.83222656 0.08958333 0.05533854
0 0.68101852 0.97571615 0.05509259 0.03346354
1 0.70543981 0.75045573 0.09976852 0.04179687
2 0.25254630 0.22128906 0.25000000 0.15325521
0 0.57928241 0.97636719 0.14236111 0.04726562
0 0.66469907 0.47675781 0.04097222 0.00872396
1 0.04236111 0.96959635 0.03518519 0.03528646
1 0.68020833 0.47148437 0.04236111 0.01484375
1 0.62280093 0.02727865 0.09884259 0.05455729
0 0.60810185 0.92024740 0.14074074 0.07929687
0 0.07175926 0.78079427 0.14351852 0.08632812
1 0.99282407 0.04003906 0.01435185 0.07955729
0 0.06886574 0.96933594 0.05532407 0.03632813
0 0.52939815 0.53769531 0.06342593 0.03476563
0 0.28576389 0.14824219 0.18217593 0.05768229
0 0.73923611 0.93196615 0.12245370 0.07591146
0 0.04837963 0.84694010 0.09675926 0.06966146
0 0.65682870 0.68476563 0.04745370 0.04375000
0 0.14050926 0.80279948 0.13379630 0.08164063
0 0.86898148 0.52291667 0.06111111 0.01354167
0 0.73599537 0.98365885 0.11689815 0.03268229
0 0.18449074 0.29713542 0.15509259 0.09270833
