1 0.77949219 0.84340278 0.10533854 0.18587963
0 0.88177083 0.29062500 0.05885417 0.04976852
1 0.22330729 0.06087963 0.04401042 0.05925926
0 0.16582031 0.06423611 0.08085937 0.11828704
1 0.59694010 0.29710648 0.06289062 0.14467593
1 0.10546875 0.31030093 0.05625000 0.04375000
1 0.46770833 0.40636574 0.10208333 0.19097222
0 0.74173177 0.28125000 0.06106771 0.09814815
0 0.22298177 0.08680556 0.02721354 0.02962963
1 0.08509115 0.37800926 0.03554687 0.10694444
0 0.98229167 0.08668981 0.02005208 0.10393519
1 0.95410156 0.03796296 0.05768229 0.07592593
0 0.10605469 0.18472222 0.08138021 0.13009259
