1 0.70598958 0.25833333 0.13671875 0.24675926
1 0.58867187 0.28449074 0.14765625 0.20694444
1 0.67773438 0.46562500 0.12890625 0.20902778
1 0.03229167 0.20775463 0.06458333 0.15671296
0 0.96595052 0.13483796 0.02643229 0.03819444
0 0.92884115 0.09270833 0.05507813 0.06319444
0 0.02526042 0.34849537 0.05052083 0.13449074
1 0.79915365 0.26458333 0.07408854 0.16481481
2 0.97545573 0.03113426 0.04908854 0.06226852
0 0.48509115 0.50787037 0.07825521 0.15370370
0 0.55553385 0.79895833 0.12643229 0.24328704
0 0.25800781 0.71099537 0.14361979 0.25532407
0 0.08893229 0.25578704 0.08880208 0.10138889
0 0.99023438 0.16597222 0.01953125 0.04398148
0 0.31308594 0.19016204 0.08997396 0.12152778
1 0.26471354 0.41030093 0.10364583 0.13541667
0 0.15657552 0.22407407 0.08632812 0.15231481
0 0.54765625 0.39421296 0.18854167 0.30092593
0 0.10449219 0.71145833 0.15794271 0.25717593
