0 0.21898148 0.39856771 0.07777778 0.07395833
0 0.32280093 0.43346354 0.16643519 0.08203125
1 0.63993056 0.72382813 0.12800926 0.07473958
0 0.06851852 0.88229167 0.12962963 0.07890625
0 0.01689815 0.67187500 0.03101852 0.02213542
0 0.12465278 0.06158854 0.03819444 0.02500000
1 0.67905093 0.78899740 0.12152778 0.06966146
0 0.50150463 0.11692708 0.06412037 0.03802083
1 0.68020833 0.86529948 0.10300926 0.08111979
0 0.57280093 0.29029948 0.15625000 0.09153646
0 0.32546296 0.05345052 0.22222222 0.10690104
1 0.38472222 0.49342448 0.09722222 0.04856771
0 0.43368056 0.35989583 0.10162037 0.07317708
0 0.34710648 0.34231771 0.19513889 0.11041667
0 0.03078704 0.57500000 0.06157407 0.01302083
0 0.68460648 0.34420573 0.14282407 0.10013021
0 0.36354167 0.22988281 0.23171296 0.04830729
0 0.51817130 0.04088542 0.19375000 0.08177083
0 0.20613426 0.12102865 0.04421296 0.03346354
0 0.20983796 0.00937500 0.06967593 0.01875000
0 0.17974537 0.06354167 0.07754630 0.05104167
0 0.60891204 0.10234375 0.17939815 0.11822917
0 0.41562500 0.41907552 0.05856481 0.05195312
0 0.55706019 0.38333333 0.15208333 0.08437500
1 0.91030093 0.61497396 0.16921296 0.09817708
0 0.77673611 0.67597656 0.15023148 0.08632812
0 0.08287037 0.67291667 0.10185185 0.05651042
