0 0.44550781 0.82175926 0.11992188 0.20879630
1 0.99335938 0.31932870 0.01328125 0.10578704
0 0.28033854 0.10405093 0.17760417 0.20810185
0 0.55605469 0.86377315 0.10898438 0.20300926
0 0.32252604 0.27743056 0.15963542 0.25300926
0 0.82766927 0.82662037 0.10690104 0.15231481
0 0.83417969 0.21331019 0.12643229 0.20717593
0 0.73652344 0.16597222 0.10742188 0.14537037
0 0.16796875 0.27418981 0.16432292 0.26597222
1 0.17708333 0.04895833 0.03541667 0.09791667
1 0.86178385 0.68784722 0.10950521 0.12800926
0 0.73203125 0.29594907 0.11145833 0.17569444
1 0.80058594 0.05972222 0.13164063 0.11944444
