1 0.85950521 0.29641204 0.05729167 0.12152778
0 0.96673177 0.08067130 0.06653646 0.15162037
1 0.99485677 0.89004630 0.01028646 0.10185185
0 0.32545573 0.47812500 0.08841146 0.14606481
0 0.83398438 0.30185185 0.04765625 0.12222222
0 0.56842448 0.15162037 0.11393229 0.30324074
0 0.88730469 0.36805556 0.07018229 0.10555556
1 0.74095052 0.16516204 0.21966146 0.33032407
0 0.63795573 0.42638889 0.15429688 0.26342593
0 0.98274740 0.00763889 0.03450521 0.01527778
1 0.19570313 0.47604167 0.09479167 0.14884259
1 0.74511719 0.46307870 0.10377604 0.19976852
1 0.83300781 0.54745370 0.12825521 0.17731481
1 0.98053385 0.42337963 0.03893229 0.04583333
1 0.39062500 0.43009259 0.07916667 0.14768519
1 0.02337240 0.37488426 0.04674479 0.14143519
1 0.26985677 0.43738426 0.07122396 0.13356481
