0 0.03209635 0.04201389 0.06419271 0.07106481
0 0.28352865 0.02731481 0.03606771 0.05462963
0 0.13899740 0.04953704 0.03658854 0.09907407
0 0.02897135 0.07094907 0.05794271 0.06597222
0 0.45175781 0.38275463 0.02773438 0.04513889
0 0.20546875 0.36076389 0.02083333 0.03356481
0 0.06881510 0.42175926 0.02330729 0.04120370
0 0.50234375 0.19293981 0.02994792 0.05486111
0 0.97194010 0.90844907 0.05611979 0.14513889
0 0.97701823 0.76724537 0.04596354 0.15902778
0 0.03391927 0.55462963 0.06783854 0.11111111
0 0.11549479 0.10844907 0.03750000 0.05671296
1 0.62434896 0.65196759 0.16692708 0.27476852
0 0.02571615 0.82581019 0.05143229 0.09652778
0 0.11165365 0.04583333 0.05924479 0.09166667
1 0.47083333 0.81435185 0.05000000 0.10138889
0 0.31627604 0.07916667 0.11953125 0.15833333
0 0.02467448 0.47511574 0.04934896 0.06597222
0 0.73821615 0.86909722 0.14674479 0.26180556
0 0.58763021 0.84872685 0.20651042 0.30254630
