1 0.81757813 0.76018519 0.08151042 0.13935185
0 0.62226563 0.29733796 0.06015625 0.08125000
0 0.44947917 0.67881944 0.08984375 0.14143519
0 0.94160156 0.40254630 0.02877604 0.05370370
0 0.18782552 0.27627315 0.12695312 0.20578704
0 0.21529948 0.33252315 0.09257813 0.12430556
0 0.83613281 0.02407407 0.06106771 0.04814815
0 0.91022135 0.02476852 0.06705729 0.04953704
0 0.70097656 0.14027778 0.03867188 0.06666667
0 0.86490885 0.01574074 0.08216146 0.03148148
0 0.09388021 0.48437500 0.07526042 0.10347222
0 0.50898438 0.68344907 0.03802083 0.06087963
0 0.28554687 0.56365741 0.08411458 0.15324074
0 0.24889323 0.18321759 0.07721354 0.18865741
1 0.96712240 0.34479167 0.06575521 0.12106481
0 0.91614583 0.42500000 0.05364583 0.07685185
0 0.16582031 0.43981481 0.07539063 0.11944444
0 0.14811198 0.65150463 0.09726563 0.16365741
0 0.90859375 0.30787037 0.06432292 0.11666667
0 0.97102865 0.24317130 0.05794271 0.10578704
1 0.53489583 0.61145833 0.10208333 0.15069444
1 0.21035156 0.70254630 0.05455729 0.09166667
