0 0.39557292 0.02546296 0.02083333 0.05092593
0 0.22402344 0.07418981 0.11132812 0.14837963
0 0.19934896 0.16539352 0.01666667 0.03171296
0 0.13945313 0.18043981 0.10546875 0.10162037
0 0.81028646 0.36400463 0.06718750 0.13263889
0 0.49153646 0.55706019 0.10364583 0.17060185
0 0.74082031 0.34490741 0.07252604 0.12407407
0 0.10058594 0.09328704 0.15065104 0.18657407
0 0.03899740 0.26435185 0.05690104 0.06111111
0 0.01490885 0.24224537 0.02981771 0.08773148
0 0.40097656 0.62060185 0.10898437 0.17685185
0 0.67877604 0.54467593 0.06119792 0.10972222
0 0.78014323 0.99120370 0.05898438 0.01759259
0 0.18281250 0.20983796 0.04869792 0.07986111
0 0.37695312 0.02500000 0.03437500 0.05000000
0 0.22545573 0.21898148 0.04674479 0.09351852
0 0.69394531 0.46111111 0.06054688 0.10694444
0 0.76347656 0.51192130 0.08033854 0.12013889
2 0.85039062 0.00277778 0.01901042 0.00555556
1 0.73509115 0.59976852 0.09622396 0.16250000
1 0.50709635 0.38796296 0.10559896 0.17407407
0 0.34830729 0.61319444 0.02005208 0.11250000
0 0.43782552 0.50046296 0.07382812 0.09166667
0 0.23795573 0.42418981 0.07513021 0.08958333
0 0.40917969 0.48680556 0.02174479 0.03194444
1 0.96953125 0.71689815 0.06093750 0.12870370
