0 0.55266204 0.78417969 0.10625000 0.06705729
1 0.03611111 0.09231771 0.07222222 0.03359375
1 0.52395833 0.31263021 0.08217593 0.06588542
1 0.97789352 0.38645833 0.04421296 0.07526042
1 0.64363426 0.79876302 0.11504630 0.06888021
2 0.10763889 0.93808594 0.21527778 0.12382812
0 0.32430556 0.23177083 0.13657407 0.06432292
1 0.26284722 0.41490885 0.11828704 0.07096354
1 0.29652778 0.32044271 0.18194444 0.10104167
1 0.48576389 0.25416667 0.09328704 0.06875000
0 0.28217593 0.36901042 0.14444444 0.02317708
0 0.80138889 0.54407552 0.12546296 0.08033854
0 0.14803241 0.77578125 0.17662037 0.09140625
0 0.08912037 0.11575521 0.08518519 0.05546875
0 0.70671296 0.97031250 0.15787037 0.05937500
1 0.21435185 0.87649740 0.17407407 0.11106771
1 0.54016204 0.93294271 0.20625000 0.12005208
0 0.63414352 0.19863281 0.05300926 0.04023437
0 0.32847222 0.01608073 0.06805556 0.03216146
1 0.57719907 0.25520833 0.11087963 0.06770833
0 0.42233796 0.28372396 0.14837963 0.08411458
0 0.54803241 0.17662760 0.10578704 0.06679688
0 0.06886574 0.15156250 0.05625000 0.02812500
0 0.43125000 0.79440104 0.09768519 0.06067708
1 0.89895833 0.55520833 0.15208333 0.08958333
0 0.43229167 0.74570313 0.08726852 0.05390625
0 0.05752315 0.85507812 0.11504630 0.09635417
