0 0.53105469 0.16111111 0.07382813 0.16342593
0 0.27558594 0.22245370 0.01419271 0.04212963
1 0.79674479 0.51979167 0.16093750 0.28402778
0 0.67610677 0.26562500 0.05976562 0.12199074
0 0.57578125 0.24907407 0.07916667 0.14027778
0 0.44856771 0.07407407 0.11276042 0.14722222
0 0.09785156 0.16712963 0.00768229 0.01435185
0 0.63216146 0.16099537 0.04505208 0.11134259
1 0.67434896 0.10983796 0.05963542 0.07939815
0 0.15507813 0.27708333 0.08802083 0.15092593
0 0.42044271 0.72141204 0.05963542 0.10254630
0 0.41686198 0.62812500 0.07252604 0.10717593
0 0.61438802 0.35208333 0.07539063 0.11527778
0 0.32389323 0.76111111 0.05429687 0.01898148
1 0.48723958 0.24652778 0.02760417 0.05277778
0 0.22187500 0.09861111 0.07369792 0.15185185
0 0.02708333 0.58912037 0.05416667 0.13055556
1 0.17252604 0.76388889 0.05937500 0.07453704
0 0.21315104 0.36493056 0.07838542 0.12291667
0 0.66829427 0.52199074 0.06289062 0.08564815
0 0.23470052 0.24594907 0.08815104 0.15115741
0 0.71315104 0.78032407 0.01796875 0.02592593
0 0.35136719 0.03680556 0.13554688 0.07361111
0 0.75891927 0.70405093 0.07747396 0.13310185
0 0.28216146 0.08912037 0.12734375 0.17824074
0 0.21471354 0.17175926 0.02031250 0.02222222
0 0.07057292 0.72002315 0.07630208 0.07476852
0 0.01992187 0.69872685 0.03984375 0.10717593
0 0.09251302 0.58958333 0.08346354 0.14212963
1 0.14479167 0.71875000 0.06354167 0.08518519
1 0.87988281 0.26805556 0.02278646 0.04814815
0 0.87122396 0.35648148 0.07317708 0.13657407
0 0.38066406 0.13692130 0.09934896 0.15995370
1 0.66907552 0.68483796 0.15455729 0.22800926
0 0.66686198 0.56041667 0.05924479 0.03009259
0 0.17167969 0.14236111 0.05481771 0.14166667
1 0.28704427 0.19965278 0.02617187 0.04745370
0 0.10924479 0.74965278 0.02161458 0.02013889
0 0.66959635 0.15358796 0.02174479 0.02152778
