1 0.41035156 0.23541667 0.01861979 0.04537037
0 0.07871094 0.18900463 0.06028646 0.12199074
0 0.02265625 0.03425926 0.03541667 0.04305556
1 0.25520833 0.17766204 0.02343750 0.05763889
0 0.02467448 0.01944444 0.04231771 0.03888889
0 0.10058594 0.28206019 0.06705729 0.07523148
0 0.18984375 0.01296296 0.03489583 0.02592593
0 0.64401042 0.48738426 0.14609375 0.28263889
1 0.90130208 0.33125000 0.19739583 0.45740741
0 0.33014323 0.95879630 0.07200521 0.08240741
1 0.75572917 0.31342593 0.01432292 0.03055556
0 0.36653646 0.92361111 0.03880208 0.03564815
0 0.96536458 0.54594907 0.06927083 0.09189815
0 0.20605469 0.04965278 0.01809896 0.04467593
0 0.00371094 0.03159722 0.00742187 0.06319444
0 0.23059896 0.22326389 0.01770833 0.03865741
0 0.18932292 0.03842593 0.03229167 0.06157407
0 0.04160156 0.25625000 0.05716146 0.11990741
0 0.20091146 0.29351852 0.03177083 0.04444444
0 0.16276042 0.16932870 0.07421875 0.14143519
0 0.13736979 0.23356481 0.03906250 0.05648148
0 0.75768229 0.59733796 0.21406250 0.34513889
1 0.57174479 0.19525463 0.05312500 0.09328704
0 0.22044271 0.03692130 0.02786458 0.04837963
1 0.45533854 0.22222222 0.01380208 0.06759259
0 0.47154948 0.82511574 0.05716146 0.18217593
