1 0.19303385 0.68807870 0.08919271 0.15393519
0 0.18860677 0.44756944 0.07408854 0.09282407
0 0.20709635 0.22013889 0.14335937 0.23981481
0 0.64453125 0.06087963 0.02447917 0.04861111
0 0.78841146 0.43657407 0.07552083 0.09351852
0 0.94882813 0.27164352 0.07500000 0.10625000
0 0.48580729 0.21365741 0.05078125 0.06527778
1 0.45299479 0.25081019 0.05130208 0.11273148
1 0.50071615 0.79907407 0.12252604 0.19490741
0 0.26080729 0.42025463 0.07447917 0.10532407
0 0.62662760 0.05682870 0.02747396 0.04560185
0 0.10930990 0.65659722 0.10013021 0.16921296
0 0.16132812 0.35543981 0.09817708 0.15347222
0 0.08014323 0.32303241 0.13632812 0.20300926
1 0.64511719 0.03043981 0.01471354 0.01921296
0 0.03326823 0.53148148 0.06653646 0.13657407
0 0.05996094 0.48865741 0.05039063 0.06388889
0 0.26666667 0.61840278 0.09088542 0.15995370
0 0.40338542 0.82928241 0.09791667 0.17152778
0 0.49798177 0.29699074 0.06028646 0.10509259
1 0.00286458 0.45046296 0.00572917 0.03425926
0 0.46425781 0.87164352 0.02721354 0.03449074
