1 0.61119792 0.41886574 0.07109375 0.15069444
1 0.32819010 0.49629630 0.09518229 0.12777778
0 0.64798177 0.57928241 0.16341146 0.26597222
0 0.22571615 0.31770833 0.08138021 0.15810185
0 0.62285156 0.89386574 0.11289063 0.21226852
2 0.98007813 0.15150463 0.03984375 0.07060185
1 0.82812500 0.39004630 0.06640625 0.15277778
1 0.07174479 0.27210648 0.09687500 0.15162037
0 0.07083333 0.41018519 0.06718750 0.13055556
0 0.22337240 0.81574074 0.13736979 0.23888889
0 0.97486979 0.06168981 0.05026042 0.12337963
0 0.37109375 0.29548611 0.08333333 0.13773148
0 0.14427083 0.33831019 0.07916667 0.12754630
0 0.36119792 0.81539352 0.12395833 0.23495370
0 0.66367188 0.43622685 0.14088542 0.16365741
0 0.55000000 0.60138889 0.06875000 0.18148148
1 0.74856771 0.59768519 0.08437500 0.18888889
2 0.75494792 0.40057870 0.12630208 0.22615741
0 0.94485677 0.17453704 0.06705729 0.08796296
