0 0.89173177 0.25428241 0.05091146 0.11319444
0 0.30143229 0.01041667 0.04322917 0.02083333
0 0.52695312 0.11967593 0.02864583 0.04953704
1 0.52402344 0.08194444 0.01783854 0.04351852
0 0.60944010 0.96064815 0.06028646 0.07870370
0 0.34088542 0.46099537 0.01640625 0.02245370
0 0.74602865 0.19340278 0.12539062 0.19282407
2 0.33046875 0.18472222 0.00703125 0.01064815
0 0.55585938 0.43715278 0.02057292 0.04513889
2 0.23600260 0.29675926 0.00950521 0.01157407
0 0.67662760 0.35532407 0.00950521 0.02592593
0 0.61575521 0.81284722 0.07994792 0.10995370
0 0.21061198 0.86331019 0.02565104 0.03680556
1 0.42897135 0.32418981 0.04231771 0.05439815
1 0.62871094 0.85798611 0.08658854 0.07476852
1 0.33828125 0.45671296 0.01015625 0.01805556
