0 0.29772135 0.18900463 0.11966146 0.22384259
1 0.40149740 0.79918981 0.03580729 0.03171296
0 0.03795573 0.64583333 0.07591146 0.17314815
0 0.27356771 0.38194444 0.10911458 0.18981481
0 0.27675781 0.56712963 0.08606771 0.13842593
1 0.53307292 0.73125000 0.12135417 0.15324074
0 0.35826823 0.48923611 0.11341146 0.17986111
0 0.64192708 0.69097222 0.13307292 0.21574074
0 0.34401042 0.60011574 0.05885417 0.08402778
0 0.96940104 0.03287037 0.06119792 0.06574074
0 0.06582031 0.48784722 0.05846354 0.07106481
1 0.11035156 0.94155093 0.12721354 0.11689815
0 0.52363281 0.59479167 0.13216146 0.21087963
0 0.38125000 0.33194444 0.11171875 0.18101852
0 0.64811198 0.45960648 0.13919271 0.25625000
1 0.52578125 0.36631944 0.16692708 0.31180556
0 0.41575521 0.14606481 0.12395833 0.21805556
