0 0.14270833 0.48113426 0.09192708 0.10439815
0 0.98776042 0.05405093 0.02187500 0.06180556
1 0.72500000 0.16770833 0.02968750 0.02523148
1 0.70911458 0.19791667 0.02578125 0.06157407
0 0.04173177 0.37557870 0.01888021 0.02800926
0 0.78463542 0.16145833 0.02994792 0.05254630
1 0.25397135 0.47743056 0.14388021 0.25300926
0 0.05130208 0.03460648 0.08515625 0.06921296
0 0.04082031 0.10185185 0.08164062 0.11250000
0 0.63626302 0.19571759 0.02460938 0.05069444
0 0.95221354 0.01678241 0.04114583 0.03356481
0 0.12467448 0.35312500 0.03684896 0.07523148
1 0.84329427 0.15011574 0.04570312 0.05532407
0 0.15000000 0.63472222 0.14062500 0.22731481
0 0.82285156 0.22476852 0.01731771 0.05555556
0 0.96523437 0.05358796 0.03958333 0.06273148
