0 0.73645833 0.94664352 0.06718750 0.10671296
0 0.62226563 0.55335648 0.05911458 0.09097222
0 0.13320313 0.73171296 0.14036458 0.21620370
0 0.77057292 0.37442130 0.07760417 0.13634259
1 0.46360677 0.79108796 0.10351562 0.18171296
1 0.42376302 0.92893519 0.10585937 0.14212963
1 0.62382812 0.31770833 0.11796875 0.21365741
0 0.67402344 0.24247685 0.01783854 0.02708333
2 0.09674479 0.07800926 0.04375000 0.12638889
0 0.07936198 0.63796296 0.05299479 0.14351852
0 0.54140625 0.46145833 0.06666667 0.07152778
1 0.82467448 0.87534722 0.10351562 0.18032407
1 0.15898438 0.52592593 0.10625000 0.20879630
0 0.54882812 0.33958333 0.04947917 0.12222222
1 0.04042969 0.10856481 0.08085937 0.12638889
1 0.82695312 0.29780093 0.05885417 0.15115741
1 0.02291667 0.34293981 0.04583333 0.05115741
0 0.77441406 0.96817130 0.10325521 0.06365741
0 0.84648437 0.98101852 0.04973958 0.03796296
0 0.95605469 0.35046296 0.04856771 0.08379630
0 0.42434896 0.00648148 0.05390625 0.01296296
0 0.82141927 0.43368056 0.06757813 0.05902778
0 0.73834635 0.51469907 0.05403646 0.08726852
0 0.46614583 0.03159722 0.05416667 0.06319444
2 0.70911458 0.45474537 0.11588542 0.18263889
