0 0.49680990 0.02199074 0.01497396 0.02453704
0 0.62089844 0.81770833 0.15507813 0.29976852
0 0.13411458 0.20254630 0.12135417 0.21481481
1 0.43007812 0.27488426 0.03151042 0.01782407
1 0.56009115 0.14791667 0.02981771 0.05694444
0 0.21673177 0.08113426 0.17018229 0.16226852
0 0.60384115 0.20127315 0.03033854 0.05347222
1 0.48509115 0.76956019 0.19283854 0.30486111
1 0.47343750 0.53807870 0.10052083 0.19791667
0 0.49427083 0.21053241 0.03437500 0.07662037
0 0.48652344 0.01064815 0.01653646 0.02129630
0 0.45332031 0.85034722 0.15716146 0.24004630
0 0.50416667 0.00821759 0.01380208 0.01643519
0 0.76985677 0.08680556 0.02825521 0.05972222
0 0.51451823 0.06018519 0.01575521 0.02916667
0 0.61666667 0.24039352 0.03151042 0.04097222
0 0.56393229 0.18935185 0.02760417 0.03101852
0 0.36803385 0.15717593 0.01966146 0.02870370
0 0.47428385 0.22870370 0.02695312 0.03194444
0 0.43437500 0.10254630 0.01458333 0.02777778
2 0.59609375 0.52546296 0.16458333 0.31712963
0 0.06842448 0.10196759 0.13684896 0.20393519
0 0.64394531 0.24826389 0.02747396 0.05393519
0 0.76197917 0.02986111 0.01744792 0.05972222
1 0.96458333 0.88287037 0.07083333 0.23425926
