0 0.44861111 0.54602865 0.01944444 0.01367188
0 0.53032407 0.55345052 0.01990741 0.03450521
0 0.03078704 0.34557292 0.06157407 0.04114583
0 0.59571759 0.55117188 0.05671296 0.03307292
0 0.45856481 0.67695313 0.04814815 0.03515625
0 0.19456019 0.24641927 0.05300926 0.02122396
0 0.29270833 0.14244792 0.00902778 0.00963542
1 0.18402778 0.33190104 0.04814815 0.02630208
0 0.05208333 0.36536458 0.01018519 0.00494792
0 0.67349537 0.47324219 0.03726852 0.00585938
0 0.74212963 0.04212240 0.07361111 0.03554688
0 0.06018519 0.35787760 0.02129630 0.01471354
0 0.99293981 0.03548177 0.01412037 0.01054688
0 0.14351852 0.77011719 0.07546296 0.03945312
0 0.15347222 0.79550781 0.06481481 0.03007812
0 0.00682870 0.44609375 0.01365741 0.03385417
0 0.70023148 0.02994792 0.04120370 0.02109375
0 0.03101852 0.28815104 0.02916667 0.01692708
0 0.00648148 0.38079427 0.01296296 0.01679688
0 0.02256944 0.35677083 0.04513889 0.03385417
0 0.63993056 0.44446615 0.01273148 0.01132813
1 0.39456019 0.70188802 0.04930556 0.00950521
1 0.39456019 0.67695313 0.08356481 0.05130208
1 0.45439815 0.71321615 0.08703704 0.04518229
0 0.66863426 0.41946615 0.05763889 0.03632812
1 0.07280093 0.36419271 0.03263889 0.01562500
0 0.26504630 0.08398438 0.03842593 0.02213542
1 0.28530093 0.29895833 0.03263889 0.02864583
0 0.17708333 0.33925781 0.04444444 0.02070312
0 0.23657407 0.06959635 0.04537037 0.01679687
0 0.76053241 0.10455729 0.01782407 0.00989583
0 0.74606481 0.10227865 0.01111111 0.00898437
0 0.98310185 0.00299479 0.03379630 0.00598958
0 0.84143519 0.19140625 0.01990741 0.01171875
0 0.31168981 0.12376302 0.01412037 0.00585937
0 0.30046296 0.16881510 0.01111111 0.00820313
0 0.46493056 0.77226562 0.06643519 0.03255208
0 0.20763889 0.21796875 0.04259259 0.01953125
0 0.00324074 0.04544271 0.00648148 0.01744792
1 0.25081019 0.16744792 0.01319444 0.01250000
0 0.46655093 0.46569010 0.02152778 0.01263021
0 0.12476852 0.00188802 0.00925926 0.00377604
0 0.22361111 0.22630208 0.01388889 0.00729167
0 0.19259259 0.11920573 0.03564815 0.00924479
0 0.09085648 0.00768229 0.02615741 0.01536458
0 0.61296296 0.21809896 0.00462963 0.00520833
0 0.48055556 0.55312500 0.03148148 0.01822917
0 0.63854167 0.19440104 0.01180556 0.01666667
0 0.36516204 0.14082031 0.06782407 0.02044271
0 0.68564815 0.17539062 0.02361111 0.00885417
0 0.83125000 0.10332031 0.02638889 0.01393229
0 0.63969907 0.28821615 0.04050926 0.01341146
0 0.24965278 0.19941406 0.05115741 0.03033854
0 0.67453704 0.45540365 0.08148148 0.03580729
0 0.13888889 0.00481771 0.01851852 0.00937500
0 0.71516204 0.13652344 0.02800926 0.01679688
0 0.82638889 0.11699219 0.01481481 0.01367188
1 0.07372685 0.27760417 0.01504630 0.00859375
0 0.12106481 0.01621094 0.02500000 0.01471354
0 0.06342593 0.18541667 0.02314815 0.02265625
1 0.02800926 0.47480469 0.05601852 0.03164062
0 0.67719907 0.21959635 0.08171296 0.04544271
1 0.29039352 0.17161458 0.01643519 0.01223958
0 0.80613426 0.05462240 0.01643519 0.01132813
0 0.72349537 0.10592448 0.02476852 0.00950521
0 0.31770833 0.13847656 0.00810185 0.00638021
1 0.77222222 0.06484375 0.01111111 0.00416667
1 0.19687500 0.29583333 0.00810185 0.00468750
0 0.67789352 0.01425781 0.08078704 0.02851562
0 0.84768519 0.27083333 0.01944444 0.02473958
0 0.69641204 0.13665365 0.03078704 0.01445313
1 0.35717593 0.48177083 0.03842593 0.02656250
0 0.90335648 0.02597656 0.02199074 0.01263021
0 0.88692130 0.02187500 0.02430556 0.01354167
0 0.05752315 0.21464844 0.05023148 0.01783854
0 0.31400463 0.15944010 0.02337963 0.01393229
0 0.33217593 0.16718750 0.01944444 0.01223958
0 0.99479167 0.02740885 0.01041667 0.00664062
0 0.34768519 0.49166667 0.04027778 0.02265625
0 0.06145833 0.49225260 0.05902778 0.03372396
0 0.58125000 0.54889323 0.02777778 0.00976562
0 0.02083333 0.50266927 0.04166667 0.02773437
0 0.33229167 0.15644531 0.02152778 0.01132812
0 0.98287037 0.03476563 0.02407407 0.01510417
0 0.71689815 0.09472656 0.02777778 0.01263021
0 0.38368056 0.11087240 0.03263889 0.01627604
0 0.29849537 0.39661458 0.02939815 0.02500000
0 0.36921296 0.21966146 0.01944444 0.00807292
0 0.01504630 0.16751302 0.03009259 0.03033854
0 0.72696759 0.46399740 0.01087963 0.00768229
0 0.74027778 0.44134115 0.05833333 0.03841146
0 0.72870370 0.42324219 0.03518519 0.00768229
0 0.60138889 0.53704427 0.01620370 0.00481771
0 0.49803241 0.57858073 0.01273148 0.00898438
0 0.50972222 0.59075521 0.03935185 0.03333333
0 0.70613426 0.24700521 0.07013889 0.03723958
0 0.03368056 0.19641927 0.06736111 0.03216146
0 0.76377315 0.01647135 0.08726852 0.03294271
0 0.61956019 0.20338542 0.04976852 0.03463542
0 0.62627315 0.24192708 0.05763889 0.03880208
0 0.19826389 0.20455729 0.05532407 0.03255208
0 0.52824074 0.57050781 0.02129630 0.01263021
0 0.52476852 0.45371094 0.01944444 0.01419271
0 0.78506944 0.30162760 0.01458333 0.00742188
