1 0.53912760 0.31296296 0.08085938 0.15555556
1 0.13216146 0.29907407 0.08932292 0.14953704
1 0.41386719 0.33495370 0.07460937 0.14027778
1 0.08248698 0.47997685 0.10820313 0.21921296
1 0.06966146 0.69224537 0.13098958 0.21458333
0 0.86119792 0.09965278 0.18723958 0.17337963
0 0.93125000 0.30046296 0.10338542 0.27638889
0 0.61341146 0.08171296 0.02890625 0.08703704
0 0.47988281 0.37175926 0.09205729 0.15277778
0 0.06783854 0.59502315 0.11484375 0.12291667
1 0.65423177 0.08101852 0.07643229 0.13703704
1 0.69414062 0.10173611 0.04140625 0.08263889
1 0.34381510 0.37997685 0.09492188 0.14976852
