0 0.40648148 0.43196615 0.01759259 0.01054688
1 0.33622685 0.19121094 0.14467593 0.07513021
0 0.09166667 0.06888021 0.02916667 0.01640625
1 0.52129630 0.21796875 0.06851852 0.04609375
0 0.39386574 0.23281250 0.03773148 0.03515625
0 0.59525463 0.21438802 0.08541667 0.04726562
0 0.41979167 0.11022135 0.04930556 0.04466146
0 0.04421296 0.15332031 0.03657407 0.02252604
0 0.38622685 0.00807292 0.02615741 0.01614583
1 0.22488426 0.17643229 0.02754630 0.01067708
0 0.02557870 0.47779948 0.05115741 0.03268229
0 0.27106481 0.05143229 0.02916667 0.02109375
0 0.01261574 0.38385417 0.02523148 0.05000000
