1 0.73515625 0.07395833 0.00677083 0.02569444
0 0.03899740 0.48981481 0.07799479 0.15046296
1 0.23763021 0.26701389 0.06067708 0.08958333
0 0.12057292 0.28958333 0.09218750 0.21805556
0 0.57259115 0.39930556 0.07148437 0.04398148
1 0.44746094 0.91331019 0.13216146 0.17337963
2 0.07096354 0.32939815 0.14192708 0.26990741
1 0.47851562 0.79039352 0.11614583 0.20578704
0 0.18990885 0.27534722 0.06054688 0.11550926
0 0.66601562 0.01851852 0.04505208 0.03703704
0 0.59667969 0.30740741 0.06080729 0.08009259
