1 0.96093750 0.87453704 0.07812500 0.25092593
0 0.70097656 0.16400463 0.02356771 0.03078704
0 0.61230469 0.21238426 0.01705729 0.03402778
0 0.86269531 0.98206019 0.08190104 0.03587963
0 0.59843750 0.27615741 0.04244792 0.02731481
0 0.73372396 0.32118056 0.02526042 0.05578704
1 0.19069010 0.04074074 0.01471354 0.01157407
0 0.65950521 0.16608796 0.01796875 0.01921296
1 0.41347656 0.14062500 0.03632812 0.05486111
0 0.70963542 0.32094907 0.02708333 0.05763889
2 0.62942708 0.23425926 0.00859375 0.01990741
0 0.90820312 0.42569444 0.02604167 0.08287037
0 0.17994792 0.83217593 0.03151042 0.04768519
0 0.78326823 0.33043981 0.01861979 0.06736111
0 0.98632812 0.87627315 0.02734375 0.18171296
