1 0.56423611 0.13795573 0.12754630 0.07929688
1 0.23518519 0.58515625 0.22962963 0.12578125
1 0.59074074 0.56959635 0.14398148 0.08476562
1 0.51585648 0.34257813 0.19097222 0.10520833
0 0.15578704 0.08183594 0.21805556 0.13450521
0 0.63472222 0.40579427 0.19629630 0.10950521
0 0.19814815 0.46901042 0.17731481 0.10000000
1 0.54004630 0.22740885 0.09074074 0.06601563
0 0.36840278 0.49720052 0.18217593 0.11263021
0 0.18472222 0.76816406 0.08611111 0.04179687
0 0.06064815 0.16503906 0.12129630 0.12617187
1 0.64664352 0.28841146 0.19097222 0.11015625
0 0.26064815 0.76054687 0.06944444 0.03020833
0 0.02523148 0.09205729 0.05046296 0.02734375
1 0.05763889 0.02031250 0.11527778 0.04062500
0 0.68657407 0.51009115 0.12916667 0.08320312
0 0.18946759 0.73072917 0.11689815 0.04739583
0 0.56979167 0.51406250 0.11967593 0.05911458
0 0.61261574 0.20644531 0.12430556 0.07174479
1 0.18935185 0.67154948 0.18240741 0.08789062
0 0.67349537 0.15273438 0.12615741 0.07864583
1 0.48379630 0.46569010 0.09351852 0.07695313
0 0.58148148 0.46106771 0.13472222 0.06302083
0 0.32766204 0.70911458 0.14236111 0.09140625
