0 0.59602865 0.08750000 0.12981771 0.17500000
0 0.66588542 0.64340278 0.10156250 0.19143519
0 0.53352865 0.63993056 0.12981771 0.22615741
1 0.40462240 0.14062500 0.07486979 0.12523148
0 0.62141927 0.16238426 0.04830729 0.02847222
0 0.50045573 0.24340278 0.08294271 0.11412037
1 0.62363281 0.73009259 0.14934896 0.23981481
0 0.46302083 0.07824074 0.18046875 0.15648148
0 0.93430990 0.19178241 0.08841146 0.06597222
0 0.96002604 0.06377315 0.07994792 0.12754630
0 0.71927083 0.22094907 0.04713542 0.04189815
0 0.87682292 0.05324074 0.09114583 0.10648148
0 0.85423177 0.15497685 0.07226562 0.12060185
