2 0.05670573 0.12523148 0.02903646 0.04305556
1 0.05996094 0.62500000 0.07382812 0.08611111
1 0.37701823 0.19687500 0.02617187 0.05347222
0 0.11647135 0.70173611 0.04440104 0.09745370
0 0.10585938 0.03287037 0.03776042 0.06574074
0 0.14368490 0.04189815 0.03554688 0.05046296
0 0.07076823 0.71377315 0.06705729 0.05856481
0 0.24694010 0.39525463 0.07382813 0.10810185
1 0.05136719 0.17546296 0.03424479 0.06203704
0 0.79817708 0.45081019 0.04947917 0.07199074
0 0.92187500 0.55729167 0.09921875 0.10578704
0 0.25800781 0.30648148 0.07877604 0.14027778
0 0.06881510 0.21655093 0.03007812 0.04282407
0 0.21503906 0.27442130 0.05742187 0.13819444
0 0.86640625 0.42615741 0.05755208 0.05370370
1 0.86595052 0.05810185 0.02799479 0.04074074
0 0.14746094 0.08738426 0.03554687 0.05717593
0 0.11888021 0.08969907 0.03151042 0.04930556
0 0.82610677 0.35104167 0.05403646 0.14050926
1 0.57031250 0.08402778 0.02473958 0.04675926
0 0.00325521 0.13182870 0.00651042 0.05578704
0 0.08502604 0.16944444 0.02552083 0.05138889
0 0.31347656 0.34062500 0.06627604 0.13032407
