0 0.26053241 0.27708333 0.15254630 0.02916667
1 0.50023148 0.46360677 0.14814815 0.08138021
0 0.29652778 0.18007813 0.05416667 0.02343750
0 0.44236111 0.18574219 0.23842593 0.11002604
1 0.51597222 0.07389323 0.09583333 0.06289062
0 0.43344907 0.11718750 0.15995370 0.09453125
0 0.62638889 0.48463542 0.12361111 0.07708333
0 0.38912037 0.23613281 0.14305556 0.09986979
1 0.13240741 0.10416667 0.09675926 0.04583333
0 0.29421296 0.10286458 0.21944444 0.13333333
1 0.02187500 0.74322917 0.04375000 0.07109375
0 0.23576389 0.64388021 0.09097222 0.05078125
1 0.17986111 0.61419271 0.09861111 0.05052083
1 0.92453704 0.68847656 0.08055556 0.08007812
1 0.51238426 0.54342448 0.16921296 0.09414062
0 0.42881944 0.27167969 0.12245370 0.06263021
