1 0.19680990 0.18078704 0.00716146 0.01435185
1 0.36901042 0.04861111 0.01171875 0.02638889
1 0.13834635 0.34641204 0.03164063 0.05162037
1 0.16074219 0.36701389 0.02903646 0.03773148
0 0.82486979 0.31782407 0.02265625 0.03472222
0 0.99348958 0.10937500 0.01302083 0.07569444
0 0.86569010 0.32650463 0.06393229 0.08819444
0 0.86647135 0.23946759 0.05846354 0.08634259
0 0.34016927 0.02453704 0.00898437 0.01851852
0 0.63977865 0.14548611 0.00716146 0.04421296
0 0.29759115 0.08796296 0.01289062 0.02685185
0 0.29934896 0.11111111 0.01380208 0.02314815
0 0.02578125 0.32060185 0.03359375 0.05416667
1 0.07408854 0.00763889 0.00755208 0.01342593
0 0.83528646 0.40428241 0.02838542 0.04375000
0 0.31998698 0.03599537 0.01184896 0.03078704
1 0.13951823 0.31006944 0.02018229 0.02106481
0 0.98131510 0.13564815 0.03632813 0.04675926
0 0.64713542 0.12349537 0.01692708 0.01597222
0 0.96152344 0.09375000 0.03815104 0.05231481
1 0.30598958 0.05625000 0.00546875 0.01481481
0 0.33958333 0.00833333 0.01718750 0.01666667
0 0.75052083 0.04270833 0.01197917 0.01875000
0 0.61809896 0.43449074 0.00911458 0.02037037
0 0.81666667 0.07604167 0.00833333 0.02523148
0 0.53593750 0.36631944 0.04687500 0.03726852
0 0.58951823 0.35393519 0.01861979 0.02638889
0 0.37994792 0.05462963 0.00937500 0.02222222
1 0.40553385 0.11666667 0.01184896 0.01944444
0 0.35852865 0.12222222 0.01471354 0.02222222
0 0.91757813 0.79733796 0.02239583 0.04282407
0 0.93639323 0.85046296 0.03398437 0.03240741
0 0.91933594 0.85069444 0.02096354 0.05000000
0 0.91842448 0.89502315 0.03268229 0.04375000
0 0.29941406 0.12233796 0.00794271 0.00578704
0 0.93671875 0.09560185 0.02109375 0.03518519
0 0.63750000 0.34444444 0.01640625 0.01250000
0 0.60657552 0.31481481 0.02252604 0.05277778
0 0.95631510 0.78750000 0.04231771 0.06805556
0 0.38984375 0.96064815 0.01979167 0.03101852
0 0.93437500 0.15312500 0.02708333 0.04699074
0 0.94759115 0.16793981 0.01992187 0.03217593
0 0.77050781 0.74328704 0.08320313 0.14074074
1 0.66367187 0.68391204 0.03255208 0.05717593
0 0.82233073 0.40717593 0.02304688 0.04907407
1 0.52695312 0.71886574 0.02890625 0.02337963
0 0.53782552 0.74363426 0.02955729 0.07615741
0 0.72076823 0.91956019 0.01236979 0.04375000
0 0.54707031 0.86238426 0.01315104 0.03680556
0 0.83007812 0.10057870 0.01588542 0.01828704
1 0.06660156 0.52893519 0.01080729 0.03009259
1 0.55605469 0.34479167 0.01992187 0.01365741
0 0.97532552 0.16493056 0.00872396 0.01736111
0 0.57109375 0.40844907 0.01015625 0.02893519
0 0.52897135 0.64224537 0.02044271 0.02986111
