1 0.48359375 0.41631944 0.10703125 0.20393519
0 0.48053385 0.61793981 0.13190104 0.21087963
1 0.94843750 0.19965278 0.10312500 0.21273148
0 0.78203125 0.34918981 0.07369792 0.07013889
0 0.41425781 0.54062500 0.07669271 0.16550926
0 0.98541667 0.82430556 0.02916667 0.13981481
0 0.79394531 0.22858796 0.07591146 0.12337963
1 0.19980469 0.24837963 0.05950521 0.06064815
1 0.73391927 0.67303241 0.10429687 0.17615741
0 0.23085937 0.06782407 0.15234375 0.13564815
1 0.33378906 0.02187500 0.05507812 0.04375000
1 0.71113281 0.82465278 0.10559896 0.17013889
