1 0.95501302 0.02476852 0.06992188 0.04953704
1 0.67135417 0.35983796 0.09036458 0.16226852
1 0.21080729 0.19467593 0.12005208 0.22731481
1 0.17154948 0.49317130 0.07226562 0.09652778
0 0.05618490 0.22071759 0.08789062 0.14375000
0 0.16894531 0.31192130 0.01653646 0.04050926
0 0.22838542 0.37326389 0.09869792 0.15115741
0 0.16868490 0.35196759 0.03372396 0.03032407
0 0.11757813 0.29675926 0.08802083 0.13333333
0 0.74472656 0.43229167 0.09388021 0.16180556
0 0.31080729 0.44004630 0.09661458 0.15694444
0 0.07545573 0.36076389 0.04752604 0.05439815
0 0.91419271 0.09780093 0.08645833 0.10671296
0 0.79694010 0.34293981 0.08346354 0.16273148
0 0.16933594 0.06319444 0.09830729 0.12638889
0 0.13033854 0.18634259 0.06171875 0.13842593
0 0.31835938 0.27071759 0.10468750 0.18402778
0 0.06875000 0.08032407 0.09114583 0.16064815
1 0.25013021 0.48113426 0.08776042 0.10902778
