0 0.23808594 0.10509259 0.01861979 0.07129630
0 0.56106771 0.11412037 0.05026042 0.21666667
1 0.14759115 0.38935185 0.03528646 0.05879630
1 0.99225260 0.57037037 0.01549479 0.07962963
1 0.31790365 0.14976852 0.03450521 0.06759259
1 0.93007813 0.13078704 0.00598958 0.02129630
1 0.18678385 0.18958333 0.01835937 0.04027778
0 0.37115885 0.07858796 0.14856771 0.15717593
0 0.11835938 0.38564815 0.02682292 0.05462963
0 0.31692708 0.19328704 0.03307292 0.03101852
1 0.71875000 0.09583333 0.02708333 0.05509259
0 0.77532552 0.45925926 0.03606771 0.11898148
1 0.27187500 0.44131944 0.05859375 0.09097222
1 0.02180990 0.07997685 0.03554687 0.04282407
1 0.38808594 0.62453704 0.08867188 0.16944444
0 0.52695312 0.29930556 0.07291667 0.24027778
1 0.17871094 0.10370370 0.05794271 0.11018519
0 0.14140625 0.11793981 0.07239583 0.11504630
