1 0.62060185 0.26523438 0.20925926 0.12213542
0 0.07060185 0.61985677 0.13148148 0.07747396
0 0.65150463 0.74720052 0.11782407 0.07200521
0 0.66030093 0.65755208 0.08541667 0.05286458
0 0.64571759 0.81503906 0.11365741 0.06731771
0 0.24062500 0.02734375 0.03680556 0.03385417
0 0.01226852 0.66276042 0.02453704 0.04791667
1 0.70370370 0.32656250 0.12175926 0.06953125
0 0.03437500 0.58841146 0.06875000 0.08385417
0 0.78344907 0.20625000 0.17708333 0.12343750
0 0.60162037 0.79316406 0.06527778 0.03710938
0 0.09178241 0.95813802 0.08912037 0.03033854
0 0.46458333 0.32324219 0.05694444 0.03867188
0 0.19780093 0.47500000 0.09560185 0.06171875
1 0.63611111 0.58483073 0.10000000 0.05898438
1 0.60601852 0.15813802 0.21620370 0.12799479
0 0.60844907 0.33789062 0.10532407 0.04088542
0 0.60335648 0.53066406 0.09097222 0.05794271
0 0.52615741 0.73906250 0.13564815 0.07500000
0 0.49733796 0.81236979 0.13726852 0.08046875
0 0.49039352 0.37454427 0.08217593 0.04492188
0 0.26944444 0.00416667 0.04768519 0.00781250
