0 0.53509115 0.57928241 0.20091146 0.32106481
0 0.94596354 0.48692130 0.10807292 0.20763889
1 0.23339844 0.63738426 0.06132812 0.10162037
1 0.97200521 0.31087963 0.05598958 0.18796296
1 0.26725260 0.41643519 0.09075521 0.13240741
1 0.23444010 0.38912037 0.06236979 0.13101852
0 0.44466146 0.32199074 0.02317708 0.04351852
0 0.96627604 0.57997685 0.06744792 0.18541667
0 0.61425781 0.35231481 0.19309896 0.33564815
1 0.41341146 0.28923611 0.05026042 0.04837963
0 0.47910156 0.30023148 0.07070312 0.10879630
0 0.72447917 0.56053241 0.18437500 0.29375000
