1 0.31851852 0.37740885 0.03009259 0.03294271
1 0.75706019 0.08496094 0.23912037 0.15664062
0 0.62905093 0.14166667 0.08865741 0.07656250
0 0.09351852 0.48613281 0.18703704 0.09752604
1 0.22951389 0.71210938 0.02523148 0.01979167
0 0.23437500 0.67044271 0.04884259 0.02187500
0 0.26712963 0.67636719 0.05092593 0.02955729
0 0.11041667 0.83684896 0.04305556 0.02890625
0 0.07812500 0.72558594 0.03078704 0.00924479
0 0.51018519 0.28776042 0.08333333 0.01692708
0 0.13449074 0.80397135 0.03703704 0.02122396
0 0.00833333 0.73417969 0.01666667 0.01809896
0 0.00902778 0.37226563 0.01805556 0.02604167
0 0.88530093 0.10214844 0.12893519 0.09388021
0 0.00543981 0.61178385 0.01087963 0.02695313
0 0.09039352 0.80468750 0.06226852 0.03906250
0 0.48518519 0.27532552 0.03703704 0.01783854
0 0.73726852 0.20123698 0.20416667 0.10898437
0 0.15462963 0.64602865 0.05787037 0.03007812
0 0.63136574 0.02617188 0.12523148 0.05234375
0 0.36516204 0.55423177 0.04837963 0.02669271
0 0.43541667 0.45527344 0.05277778 0.02903646
1 0.05682870 0.75625000 0.02847222 0.00937500
0 0.26562500 0.74713542 0.05439815 0.02005208
0 0.36053241 0.58248698 0.04837963 0.02981771
0 0.01481481 0.59082031 0.02962963 0.02643229
0 0.32083333 0.54869792 0.05000000 0.01953125
0 0.17233796 0.37194010 0.03310185 0.02096354
0 0.13726852 0.82851563 0.04398148 0.02994792
0 0.41099537 0.53046875 0.04837963 0.03020833
0 0.19664352 0.67500000 0.04421296 0.02161458
0 0.37372685 0.56979167 0.01921296 0.00989583
1 0.14062500 0.74804688 0.03634259 0.01692708
0 0.43368056 0.47167969 0.03449074 0.00846354
0 0.32187500 0.56640625 0.05856481 0.03125000
0 0.50810185 0.34212240 0.08425926 0.02669271
