0 0.43938802 0.96226852 0.09518229 0.07546296
0 0.39980469 0.48425926 0.06158854 0.06157407
0 0.58899740 0.43935185 0.06158854 0.10370370
0 0.65566406 0.43472222 0.06835938 0.08842593
0 0.97988281 0.32627315 0.04023438 0.12523148
0 0.84029948 0.02222222 0.08059896 0.04444444
1 0.73046875 0.02569444 0.03046875 0.05138889
0 0.19049479 0.65416667 0.15286458 0.22222222
0 0.29908854 0.62245370 0.07890625 0.16666667
1 0.16660156 0.53194444 0.01184896 0.01990741
0 0.37154948 0.50138889 0.00820313 0.03194444
0 0.87337240 0.06030093 0.07851562 0.12060185
0 0.47975260 0.53912037 0.03971354 0.04259259
1 0.21347656 0.46203704 0.12330729 0.19814815
1 0.45377604 0.49351852 0.03984375 0.02083333
1 0.69674479 0.44884259 0.02395833 0.05231481
1 0.72923177 0.46423611 0.04830729 0.02199074
0 0.66927083 0.32291667 0.07890625 0.14027778
0 0.59427083 0.32870370 0.07421875 0.12314815
0 0.33444010 0.97418981 0.10169271 0.05162037
