0 0.31106771 0.05046296 0.02447917 0.04907407
0 0.44589844 0.76365741 0.05247396 0.10138889
0 0.95729167 0.71956019 0.08541667 0.23634259
0 0.39980469 0.65532407 0.01914062 0.02175926
0 0.52786458 0.19178241 0.04192708 0.11967593
0 0.16432292 0.75752315 0.05833333 0.09143519
0 0.39674479 0.74652778 0.06692708 0.08472222
0 0.10371094 0.58692130 0.06419271 0.13912037
0 0.71419271 0.71956019 0.06380208 0.08541667
0 0.15097656 0.62164352 0.07174479 0.12060185
0 0.74635417 0.72071759 0.04609375 0.10069444
0 0.69485677 0.66261574 0.02617187 0.03217593
0 0.13665365 0.09050926 0.04309896 0.11250000
0 0.50638021 0.80370370 0.05833333 0.09953704
0 0.21263021 0.56898148 0.05208333 0.09027778
1 0.91777344 0.45868056 0.08763021 0.13912037
0 0.17766927 0.57557870 0.02539062 0.03865741
0 0.88984375 0.97314815 0.09114583 0.05370370
0 0.17766927 0.65995370 0.06705729 0.10601852
0 0.42675781 0.61574074 0.04856771 0.10648148
0 0.87812500 0.40162037 0.05572917 0.11527778
0 0.98476562 0.67361111 0.03046875 0.17407407
0 0.22734375 0.74768519 0.06406250 0.11666667
0 0.95696615 0.50497685 0.01757812 0.02199074
1 0.15690104 0.51203704 0.05234375 0.06527778
1 0.59980469 0.00532407 0.02018229 0.01064815
1 0.36113281 0.59768519 0.07877604 0.13379630
1 0.65683594 0.68935185 0.07018229 0.10416667
1 0.57805990 0.01608796 0.02721354 0.03217593
