0 0.73196615 0.06354167 0.08320313 0.12708333
1 0.50195312 0.25243056 0.06093750 0.08634259
1 0.68255208 0.02662037 0.04635417 0.05324074
0 0.00240885 0.04189815 0.00481771 0.02731481
0 0.64121094 0.25717593 0.05611979 0.04212963
0 0.98743490 0.22534722 0.02513021 0.11643519
1 0.18652344 0.28761574 0.11419271 0.20023148
0 0.00807292 0.01493056 0.01614583 0.02986111
0 0.03919271 0.04861111 0.07317708 0.09722222
1 0.42311198 0.78148148 0.09518229 0.17500000
1 0.07903646 0.35891204 0.13281250 0.18634259
