0 0.29388021 0.00648148 0.01197917 0.01296296
0 0.47708333 0.12256944 0.01093750 0.01828704
1 0.59830729 0.14363426 0.02473958 0.01736111
1 0.75605469 0.17361111 0.03346354 0.05740741
0 0.26809896 0.40983796 0.13229167 0.22337963
0 0.12526042 0.17928241 0.03359375 0.04884259
0 0.54257813 0.48252315 0.12578125 0.19421296
0 0.50208333 0.35821759 0.15885417 0.27291667
0 0.64127604 0.42013889 0.10052083 0.14212963
0 0.74042969 0.85879630 0.11809896 0.17685185
1 0.66451823 0.07870370 0.01315104 0.01805556
1 0.48671875 0.15891204 0.02916667 0.05532407
1 0.34700521 0.02754630 0.01119792 0.02638889
0 0.98554688 0.46643519 0.02890625 0.05648148
0 0.91979167 0.60104167 0.08177083 0.17013889
2 0.34759115 0.04571759 0.00794271 0.01180556
0 0.87044271 0.09756944 0.03020833 0.05949074
0 0.89895833 0.13368056 0.03541667 0.04560185
0 0.74993490 0.97546296 0.12044271 0.04907407
1 0.88430990 0.04270833 0.03710938 0.06273148
1 0.38795573 0.59733796 0.11210938 0.17754630
1 0.39335938 0.09155093 0.02786458 0.04282407
1 0.42161458 0.07743056 0.02239583 0.02013889
0 0.29837240 0.49178241 0.08111979 0.09282407
1 0.89869792 0.08472222 0.04036458 0.06898148
1 0.49199219 0.61539352 0.09908854 0.12106481
0 0.61621094 0.27523148 0.13372396 0.24722222
0 0.96992188 0.63078704 0.06015625 0.17962963
0 0.38118490 0.41956019 0.10351562 0.18773148
0 0.01002604 0.02060185 0.02005208 0.04120370
1 0.35852865 0.22118056 0.13919271 0.22291667
0 0.19837240 0.06712963 0.01757812 0.01481481
0 0.20436198 0.08993056 0.02174479 0.03449074
0 0.30227865 0.00312500 0.00481771 0.00625000
0 0.29231771 0.01759259 0.01171875 0.01898148
0 0.22812500 0.08391204 0.03333333 0.05254630
0 0.61686198 0.83576389 0.12643229 0.17569444
0 0.25325521 0.04513889 0.02369792 0.03101852
