0 0.13391927 0.09768519 0.03085938 0.05231481
0 0.33248698 0.01319444 0.02434896 0.01944444
0 0.81783854 0.51944444 0.01588542 0.02824074
0 0.81555990 0.42951389 0.06393229 0.08726852
0 0.76901042 0.07418981 0.03020833 0.05162037
0 0.58971354 0.01678241 0.03307292 0.03356481
0 0.41855469 0.35937500 0.11888021 0.07754630
0 0.37584635 0.34687500 0.01966146 0.01504630
1 0.97688802 0.14178241 0.04622396 0.13726852
1 0.44921875 0.34027778 0.03437500 0.04027778
0 0.33528646 0.60567130 0.13671875 0.20856481
0 0.92408854 0.09201389 0.07682292 0.13495370
1 0.77428385 0.99722222 0.03138021 0.00555556
0 0.49348958 0.06990741 0.04114583 0.03333333
1 0.13652344 0.53275463 0.08346354 0.11875000
1 0.80195313 0.92152778 0.13125000 0.15694444
1 0.41764323 0.47824074 0.14726563 0.27175926
