1 0.30514323 0.64664352 0.08085938 0.12291667
1 0.00820313 0.98344907 0.01640625 0.03310185
0 0.65846354 0.30347222 0.07343750 0.13009259
1 0.04199219 0.01469907 0.04335938 0.02939815
1 0.41627604 0.49803241 0.02083333 0.05439815
0 0.59921875 0.35462963 0.07239583 0.11990741
0 0.91308594 0.48645833 0.10247396 0.17245370
0 0.44264323 0.50428241 0.03945312 0.03541667
0 0.07871094 0.33553241 0.11783854 0.14606481
1 0.75019531 0.59375000 0.04440104 0.14675926
0 0.08261719 0.45833333 0.12591146 0.21944444
0 0.93750000 0.21736111 0.09375000 0.21620370
0 0.50839844 0.50127315 0.08059896 0.15069444
0 0.97552083 0.21875000 0.04895833 0.20787037
0 0.90227865 0.09282407 0.03867188 0.10833333
0 0.79335937 0.58101852 0.10260417 0.17824074
1 0.42050781 0.27708333 0.08528646 0.13842593
0 0.41907552 0.17326389 0.08216146 0.11643519
0 0.04765625 0.57465278 0.09531250 0.16458333
1 0.36842448 0.46527778 0.10455729 0.17268519
1 0.45924479 0.41793981 0.08750000 0.16736111
