0 0.31419271 0.41979167 0.08802083 0.14606481
2 0.04544271 0.74942130 0.09088542 0.19143519
1 0.24934896 0.51261574 0.09296875 0.16736111
1 0.01360677 0.92025463 0.02721354 0.15949074
1 0.44420573 0.43275463 0.08763021 0.15208333
1 0.59264323 0.18773148 0.04544271 0.13240741
0 0.05234375 0.94351852 0.10312500 0.11296296
2 0.37643229 0.50312500 0.08046875 0.14699074
1 0.62369792 0.20983796 0.08229167 0.17476852
0 0.32402344 0.55509259 0.06888021 0.08796296
0 0.64492188 0.31608796 0.08046875 0.12662037
1 0.65930990 0.46817130 0.08684896 0.13587963
