0 0.62063802 0.30370370 0.03085938 0.04768519
1 0.56204427 0.25092593 0.03085938 0.04675926
1 0.56061198 0.21087963 0.03007813 0.03981481
1 0.90371094 0.57546296 0.19257813 0.32870370
2 0.94791667 0.31666667 0.10416667 0.25092593
0 0.51302083 0.28159722 0.02552083 0.03310185
0 0.48535156 0.23449074 0.03138021 0.03379630
0 0.96048177 0.75844907 0.07903646 0.13125000
0 0.60774740 0.24664352 0.02851562 0.05625000
1 0.42376302 0.31192130 0.02955729 0.01597222
1 0.53111979 0.23692130 0.02526042 0.03449074
1 0.50930990 0.22743056 0.02643229 0.04930556
1 0.30240885 0.06331019 0.02070312 0.01828704
1 0.25481771 0.28321759 0.01171875 0.01828704
1 0.37584635 0.20740741 0.01184896 0.03148148
0 0.81210938 0.67314815 0.18671875 0.31898148
1 0.52402344 0.18043981 0.01289063 0.02060185
0 0.64602865 0.22106481 0.01393229 0.02824074
0 0.32285156 0.05775463 0.01471354 0.02291667
0 0.42363281 0.11250000 0.01419271 0.02546296
0 0.61718750 0.20266204 0.00885417 0.02754630
1 0.54049479 0.26898148 0.03255208 0.05833333
0 0.31627604 0.04201389 0.01484375 0.02662037
1 0.50748698 0.11006944 0.01028646 0.01412037
0 0.45579427 0.09872685 0.01575521 0.02337963
0 0.46575521 0.14444444 0.00859375 0.01620370
0 0.48209635 0.14409722 0.01002604 0.01689815
0 0.48020833 0.12407407 0.01562500 0.02638889
0 0.73977865 0.27175926 0.02044271 0.01898148
0 0.44472656 0.08321759 0.01653646 0.02662037
0 0.46393229 0.08009259 0.01250000 0.02546296
0 0.47128906 0.13784722 0.01471354 0.02662037
0 0.47486979 0.15289352 0.01015625 0.01226852
0 0.47428385 0.27314815 0.02981771 0.03333333
0 0.79108073 0.16076389 0.01497396 0.04976852
0 0.78118490 0.16273148 0.01627604 0.04490741
0 0.54915365 0.02870370 0.13268229 0.05740741
1 0.91529948 0.21273148 0.04153646 0.04629630
1 0.53105469 0.16319444 0.01575521 0.00925926
0 0.45729167 0.15486111 0.00885417 0.02361111
0 0.50078125 0.09652778 0.00807292 0.01712963
0 0.45013021 0.18391204 0.01432292 0.01921296
0 0.64576823 0.30625000 0.02513021 0.04814815
1 0.80781250 0.40520833 0.12708333 0.23541667
