1 0.34861111 0.05644531 0.10879630 0.04570313
1 0.84490741 0.96979167 0.12453704 0.06041667
1 0.04837963 0.39876302 0.07685185 0.04388021
1 0.49930556 0.34941406 0.06250000 0.05221354
0 0.27337963 0.85279948 0.13750000 0.07669271
0 0.18009259 0.80338542 0.14768519 0.09817708
0 0.85578704 0.13984375 0.09074074 0.06536458
1 0.31979167 0.10833333 0.12754630 0.08593750
0 0.85034722 0.20755208 0.12939815 0.07265625
1 0.06018519 0.28444010 0.09490741 0.03268229
0 0.31469907 0.77246094 0.13449074 0.07955729
0 0.30567130 0.15221354 0.11226852 0.05182292
0 0.21932870 0.69824219 0.20300926 0.11471354
0 0.43541667 0.82845052 0.12962963 0.07226562
1 0.12766204 0.40253906 0.08402778 0.04700521
0 0.11898148 0.28912760 0.02824074 0.01783854
0 0.54166667 0.86022135 0.10046296 0.06992187
1 0.43900463 0.91367188 0.14375000 0.08906250
0 0.50798611 0.15273438 0.08680556 0.05677083
1 0.21180556 0.63580729 0.03101852 0.01953125
0 0.36539352 0.76438802 0.14560185 0.09752604
0 0.38703704 0.16523437 0.02453704 0.01458333
0 0.34583333 0.83658854 0.06250000 0.05078125
