1 0.73815104 0.60347222 0.07265625 0.13009259
0 0.56790365 0.26273148 0.07513021 0.13888889
0 0.08450521 0.59664352 0.12994792 0.18634259
0 0.80000000 0.07905093 0.08619792 0.15810185
0 0.85520833 0.05335648 0.06119792 0.10671296
0 0.83489583 0.16226852 0.03177083 0.07592593
0 0.90494792 0.15092593 0.06979167 0.14907407
0 0.13346354 0.47881944 0.05416667 0.09513889
1 0.43893229 0.52511574 0.10104167 0.17337963
0 0.08665365 0.45266204 0.02643229 0.03449074
0 0.49576823 0.25138889 0.07513021 0.13425926
0 0.38580729 0.47303241 0.05546875 0.11365741
0 0.41113281 0.38287037 0.06002604 0.11388889
0 0.47890625 0.42071759 0.08098958 0.15532407
1 0.18203125 0.31678241 0.12473958 0.23680556
0 0.52272135 0.95532407 0.09986979 0.08935185
0 0.19153646 0.51087963 0.11822917 0.18842593
0 0.78899740 0.65254630 0.05065104 0.09583333
0 0.88294271 0.14097222 0.08802083 0.15787037
