2 0.23470052 0.10254630 0.00638021 0.01296296
0 0.38925781 0.73425926 0.07434896 0.12916667
1 0.67473958 0.86608796 0.18984375 0.26782407
0 0.97558594 0.43680556 0.04882812 0.13148148
1 0.91744792 0.33275463 0.02890625 0.04189815
1 0.83131510 0.13078704 0.01966146 0.05138889
1 0.68138021 0.25081019 0.04166667 0.03773148
1 0.14029948 0.14722222 0.02747396 0.05277778
0 0.16126302 0.04606481 0.18736979 0.09212963
0 0.02571615 0.37233796 0.03580729 0.05717593
1 0.26679687 0.04351852 0.03333333 0.06944444
0 0.52285156 0.33368056 0.06731771 0.12893519
0 0.08535156 0.09016204 0.01627604 0.02569444
0 0.23951823 0.05682870 0.02825521 0.05671296
0 0.88990885 0.38877315 0.02747396 0.04930556
0 0.24680990 0.30104167 0.02799479 0.01967593
0 0.91367188 0.00347222 0.01223958 0.00694444
0 0.86699219 0.79375000 0.06809896 0.07638889
0 0.84153646 0.88981481 0.08463542 0.04768519
2 0.24225260 0.11076389 0.01236979 0.02800926
0 0.86653646 0.06550926 0.05937500 0.07037037
2 0.23704427 0.14074074 0.00820313 0.01064815
0 0.34446615 0.24976852 0.01106771 0.01712963
0 0.10546875 0.88692130 0.10546875 0.11273148
1 0.44459635 0.71122685 0.06523438 0.12847222
0 0.97838542 0.08576389 0.02760417 0.05115741
0 0.92994792 0.01655093 0.03020833 0.03310185
0 0.59088542 0.81192130 0.14453125 0.24467593
0 0.81608073 0.01886574 0.01367188 0.03773148
0 0.85807292 0.04062500 0.07916667 0.08125000
0 0.51595052 0.95231481 0.14544271 0.09537037
0 0.00338542 0.08379630 0.00677083 0.03101852
1 0.98782552 0.33356481 0.02434896 0.03240741
