0 0.98997396 0.04502315 0.02005208 0.09004630
0 0.39941406 0.61747685 0.06080729 0.04745370
0 0.92721354 0.15983796 0.12109375 0.20671296
0 0.03515625 0.54907407 0.03906250 0.02453704
0 0.06373698 0.22523148 0.07929687 0.12731481
1 0.72252604 0.19050926 0.07578125 0.14398148
0 0.47493490 0.61493056 0.09127604 0.14745370
0 0.75540365 0.26655093 0.06731771 0.11226852
0 0.69062500 0.21562500 0.06041667 0.12569444
0 0.00351563 0.84641204 0.00703125 0.08310185
0 0.95084635 0.28043981 0.09830729 0.23356481
1 0.02278646 0.15046296 0.04557292 0.12777778
1 0.40507813 0.10486111 0.08619792 0.16018519
0 0.37057292 0.06597222 0.01796875 0.03055556
1 0.26269531 0.51886574 0.06028646 0.07847222
0 0.32838542 0.45046296 0.05598958 0.10416667
1 0.00813802 0.46782407 0.01627604 0.03240741
0 0.05696615 0.12615741 0.02434896 0.08055556
0 0.32975260 0.50127315 0.01914062 0.00763889
0 0.35266927 0.19004630 0.07695313 0.13472222
0 0.27988281 0.48252315 0.01914062 0.01134259
0 0.54505208 0.03043981 0.03463542 0.05995370
1 0.09283854 0.68715278 0.13411458 0.19745370
0 0.13763021 0.80555556 0.07578125 0.11342593
0 0.20305990 0.77141204 0.10403646 0.17893519
1 0.54108073 0.50879630 0.07304688 0.08750000
1 0.35371094 0.07476852 0.05247396 0.10833333
1 0.55130208 0.45625000 0.06979167 0.04814815
