1 0.67786458 0.91435185 0.10416667 0.12777778
0 0.92265625 0.63703704 0.08697917 0.07361111
0 0.06354167 0.54085648 0.12708333 0.24837963
1 0.57291667 0.25706019 0.10729167 0.21087963
0 0.51367188 0.42685185 0.08802083 0.18796296
0 0.05657552 0.31747685 0.11315104 0.23680556
0 0.50097656 0.53275463 0.10507812 0.17013889
1 0.23177083 0.12013889 0.06901042 0.11944444
0 0.29055990 0.11921296 0.04622396 0.03703704
1 0.06289063 0.22106481 0.05911458 0.05787037
0 0.28320312 0.17407407 0.06458333 0.10555556
1 0.84309896 0.52453704 0.09036458 0.13055556
0 0.23847656 0.98113426 0.09778646 0.03773148
0 0.59778646 0.44907407 0.11692708 0.20000000
