0 0.60227865 0.37187500 0.04231771 0.07291667
1 0.17819010 0.05173611 0.03580729 0.05208333
0 0.21588542 0.64085648 0.06458333 0.07754630
0 0.13352865 0.04282407 0.00611979 0.00972222
0 0.15735677 0.58287037 0.09205729 0.15185185
0 0.90598958 0.47581019 0.04010417 0.07106481
0 0.46223958 0.50671296 0.05703125 0.15231481
0 0.47708333 0.43032407 0.03723958 0.01898148
1 0.11627604 0.12766204 0.02395833 0.04050926
0 0.14335938 0.06238426 0.02682292 0.01643519
1 0.06289063 0.56516204 0.10598958 0.14652778
0 0.70384115 0.20474537 0.15820312 0.31643519
