0 0.38307292 0.27638889 0.09687500 0.18148148
0 0.51080729 0.36446759 0.07864583 0.17013889
0 0.44231771 0.36134259 0.09947917 0.17592593
1 0.46822917 0.59479167 0.09192708 0.21736111
0 0.10638021 0.43333333 0.08645833 0.13935185
0 0.46718750 0.21192130 0.10390625 0.18541667
0 0.32070312 0.94004630 0.05911458 0.11481481
0 0.18600260 0.45173611 0.08710937 0.14976852
1 0.83190104 0.71574074 0.09947917 0.17314815
1 0.28684896 0.85243056 0.08854167 0.12384259
1 0.55944010 0.58449074 0.13971354 0.26666667
