0 0.18717448 0.13240741 0.03763021 0.07129630
1 0.00859375 0.26817130 0.01718750 0.03310185
0 0.23222656 0.56805556 0.03007812 0.10231481
0 0.77076823 0.15995370 0.02278646 0.01851852
1 0.01171875 0.30486111 0.02343750 0.05833333
1 0.02994792 0.28495370 0.02864583 0.04907407
0 0.37910156 0.75381944 0.06731771 0.08958333
0 0.09947917 0.34050926 0.02656250 0.04861111
0 0.06959635 0.33796296 0.03528646 0.04907407
0 0.05735677 0.28576389 0.03841146 0.06319444
0 0.08854167 0.30324074 0.02656250 0.04583333
1 0.02988281 0.23541667 0.02747396 0.05092593
1 0.76464844 0.14965278 0.02434896 0.02106481
