0 0.58854167 0.00553385 0.04513889 0.01106771
1 0.39467593 0.15826823 0.04305556 0.02486979
0 0.42233796 0.14654948 0.03032407 0.02278646
0 0.55648148 0.00371094 0.04398148 0.00742187
0 0.45381944 0.68847656 0.02430556 0.02695312
0 0.89224537 0.79401042 0.02106481 0.00781250
0 0.04016204 0.99459635 0.05578704 0.01080729
0 0.24502315 0.08691406 0.06550926 0.04205729
0 0.53750000 0.37174479 0.04351852 0.02708333
0 0.01701389 0.45904948 0.03402778 0.05143229
0 0.98055556 0.82949219 0.03888889 0.05429688
0 0.85706019 0.01354167 0.05671296 0.02708333
0 0.64270833 0.72832031 0.01550926 0.00664063
0 0.59166667 0.71028646 0.11944444 0.04531250
1 0.23877315 0.72141927 0.04930556 0.01653646
0 0.03368056 0.21875000 0.06736111 0.08385417
1 0.38287037 0.12858073 0.00972222 0.00768229
1 0.81527778 0.01640625 0.04675926 0.03281250
1 0.35995370 0.13776042 0.05324074 0.02630208
1 0.83379630 0.88222656 0.05601852 0.06158854
1 0.36990741 0.15078125 0.01574074 0.00677083
0 0.90717593 0.01328125 0.04953704 0.02656250
0 0.44918981 0.48665365 0.18263889 0.09179688
0 0.61481481 0.36920573 0.12037037 0.05820313
0 0.30428241 0.64251302 0.03171296 0.02070312
0 0.40752315 0.43502604 0.03541667 0.02526042
0 0.71018519 0.62337240 0.13101852 0.08268229
