1 0.03769531 0.55185185 0.03294271 0.01574074
0 0.19290365 0.50138889 0.04335937 0.05046296
1 0.02031250 0.31817130 0.04062500 0.19421296
0 0.79589844 0.29212963 0.04492188 0.11805556
0 0.26614583 0.34212963 0.03541667 0.06620370
0 0.34654948 0.29513889 0.04127604 0.11064815
0 0.25813802 0.28437500 0.05039062 0.07199074
0 0.19954427 0.73634259 0.09283854 0.17175926
1 0.90970052 0.39803241 0.09231771 0.12430556
0 0.83912760 0.35636574 0.05559896 0.12013889
0 0.78268229 0.41655093 0.07786458 0.11875000
1 0.28398438 0.72094907 0.11588542 0.18726852
0 0.82760417 0.96932870 0.08697917 0.06134259
0 0.12408854 0.18657407 0.03020833 0.04629630
0 0.65735677 0.00555556 0.02981771 0.01111111
0 0.27988281 0.61597222 0.08919271 0.10509259
0 0.74915365 0.29236111 0.07617188 0.14861111
