0 0.20319010 0.28263889 0.07955729 0.10046296
1 0.72760417 0.64027778 0.11927083 0.19814815
0 0.66562500 0.64606481 0.09192708 0.20509259
0 0.55572917 0.03194444 0.04401042 0.06388889
0 0.74427083 0.52129630 0.07447917 0.10000000
0 0.25559896 0.33229167 0.10651042 0.16643519
0 0.38730469 0.03819444 0.07669271 0.07638889
0 0.46692708 0.09872685 0.15078125 0.19745370
1 0.60403646 0.77476852 0.10677083 0.18564815
0 0.57369792 0.10046296 0.07369792 0.12083333
0 0.32526042 0.11192130 0.13750000 0.22013889
1 0.14453125 0.46504630 0.11354167 0.18935185
