0 0.90872396 0.19189815 0.12291667 0.18611111
0 0.59003906 0.18981481 0.18242188 0.30092593
0 0.87799479 0.09849537 0.11901042 0.19699074
1 0.20188802 0.06712963 0.09492188 0.13425926
0 0.96692708 0.74282407 0.06614583 0.16435185
1 0.15455729 0.04872685 0.03098958 0.09745370
0 0.75690104 0.85254630 0.12187500 0.22129630
0 0.40143229 0.22002315 0.19895833 0.31828704
1 0.18776042 0.29537037 0.06406250 0.10277778
0 0.63183594 0.84004630 0.13502604 0.23425926
0 0.97135417 0.58530093 0.04869792 0.09004630
0 0.93196615 0.00636574 0.05117187 0.01273148
0 0.96666667 0.10057870 0.06666667 0.19189815
0 0.48632812 0.07939815 0.18776042 0.15879630
