1 0.63268229 0.28703704 0.08723958 0.13888889
0 0.04967448 0.43634259 0.09934896 0.15879630
0 0.06660156 0.17106481 0.07070313 0.06898148
0 0.02128906 0.30335648 0.04257813 0.19652778
1 0.46582031 0.11759259 0.05611979 0.09027778
0 0.77675781 0.05046296 0.02565104 0.06064815
0 0.72141927 0.00486111 0.01940104 0.00972222
0 0.25071615 0.24884259 0.05585937 0.02777778
1 0.28964844 0.68854167 0.10559896 0.18958333
0 0.06770833 0.27662037 0.09427083 0.17638889
1 0.25631510 0.05914352 0.03138021 0.05671296
0 0.23190104 0.05844907 0.02291667 0.03958333
0 0.16660156 0.52962963 0.09544271 0.13611111
0 0.37825521 0.71388889 0.09583333 0.17592593
