1 0.45019531 0.47314815 0.07200521 0.12361111
1 0.93619792 0.46736111 0.08567708 0.12175926
1 0.85781250 0.83483796 0.14609375 0.23541667
0 0.56523437 0.25046296 0.17421875 0.30509259
1 0.95006510 0.54097222 0.08919271 0.14074074
1 0.34042969 0.45543981 0.12304688 0.20763889
0 0.83287760 0.48680556 0.06757813 0.10138889
0 0.65761719 0.04872685 0.08632812 0.09745370
0 0.65852865 0.70300926 0.10091146 0.16712963
0 0.26842448 0.51226852 0.08111979 0.15092593
0 0.51022135 0.51724537 0.06419271 0.04791667
0 0.40429688 0.22430556 0.16380208 0.30092593
1 0.71562500 0.84305556 0.14947917 0.25138889
0 0.87356771 0.96909722 0.08125000 0.06180556
0 0.88203125 0.51643519 0.04296875 0.05046296
0 0.58222656 0.05289352 0.06914063 0.10578704
0 0.32473958 0.37164352 0.08437500 0.10254630
0 0.63717448 0.09907407 0.06601563 0.09212963
0 0.01100260 0.01909722 0.02200521 0.03819444
0 0.74973958 0.95601852 0.14947917 0.08796296
