1 0.65023148 0.06022135 0.02268519 0.01783854
1 0.19108796 0.24361979 0.04560185 0.02942708
0 0.54178241 0.46640625 0.08865741 0.04973958
0 0.91435185 0.09544271 0.03703704 0.02005208
0 0.69837963 0.29342448 0.04444444 0.02669271
0 0.30266204 0.12363281 0.01643519 0.00481771
1 0.86192130 0.10423177 0.03310185 0.02200521
0 0.90023148 0.02291667 0.01157407 0.01171875
0 0.33784722 0.15644531 0.10347222 0.05742187
0 0.35567130 0.11705729 0.01226852 0.00885417
0 0.96967593 0.13398437 0.06064815 0.06223958
1 0.01481481 0.23587240 0.02962963 0.01888021
1 0.83668981 0.04778646 0.02199074 0.01171875
0 0.55046296 0.12884115 0.04212963 0.02565104
0 0.44594907 0.12044271 0.07893519 0.03359375
0 0.29699074 0.09134115 0.06157407 0.04544271
1 0.60798611 0.44869792 0.08680556 0.04973958
0 0.58668981 0.35358073 0.04652778 0.02669271
0 0.91840278 0.06035156 0.02291667 0.01289063
0 0.68958333 0.02610677 0.01712963 0.01497396
0 0.73043981 0.22063802 0.04375000 0.02382813
0 0.67233796 0.01347656 0.01967593 0.01315104
0 0.63657407 0.00390625 0.03055556 0.00781250
0 0.44733796 0.19583333 0.01597222 0.01406250
0 0.41562500 0.21276042 0.01134259 0.00833333
0 0.77233796 0.21119792 0.06597222 0.01614583
0 0.91006944 0.08489583 0.02013889 0.01276042
0 0.91828704 0.08906250 0.02916667 0.00677083
0 0.81145833 0.10162760 0.01412037 0.00898438
0 0.42546296 0.14407552 0.08935185 0.05065104
0 0.47962963 0.27389323 0.02083333 0.01966146
0 0.49814815 0.09817708 0.01805556 0.01458333
0 0.23009259 0.24296875 0.02222222 0.01614583
0 0.61724537 0.08313802 0.02013889 0.01054687
0 0.46712963 0.05774740 0.01666667 0.01054687
0 0.77581019 0.23333333 0.06967593 0.03750000
0 0.91377315 0.13639323 0.01689815 0.00820313
0 0.90335648 0.11861979 0.03958333 0.03046875
0 0.84583333 0.11139323 0.02129630 0.01757812
0 0.89479167 0.10208333 0.00393519 0.00807292
0 0.94467593 0.04440104 0.02870370 0.01796875
0 0.43773148 0.01002604 0.09583333 0.02005208
0 0.13194444 0.24882813 0.03194444 0.02395833
0 0.93668981 0.06458333 0.03171296 0.01927083
0 0.80902778 0.05247396 0.01388889 0.01145833
0 0.64861111 0.00957031 0.04351852 0.01914063
1 0.18993056 0.33704427 0.02337963 0.01549479
0 0.50729167 0.02701823 0.02245370 0.01393229
0 0.86030093 0.12324219 0.02337963 0.01679688
