0 0.38287037 0.15598958 0.06388889 0.02343750
0 0.10092593 0.92884115 0.04259259 0.02591146
0 0.05162037 0.90208333 0.05277778 0.03307292
0 0.72395833 0.44016927 0.09837963 0.08945313
0 0.33807870 0.64420573 0.03773148 0.02721354
0 0.52789352 0.53606771 0.09930556 0.02369792
0 0.09259259 0.90579427 0.03888889 0.02252604
0 0.24942130 0.02337240 0.04236111 0.02408854
0 0.13402778 0.74954427 0.13611111 0.06835938
0 0.85393519 0.54179687 0.23148148 0.10182292
0 0.97928241 0.02434896 0.04143519 0.04088542
0 0.06296296 0.73053385 0.11388889 0.09544271
0 0.36550926 0.06549479 0.09953704 0.06744792
0 0.94907407 0.04420573 0.01759259 0.01653646
0 0.24039352 0.12005208 0.09467593 0.03645833
0 0.05833333 0.03554687 0.04120370 0.01953125
0 0.07638889 0.67024740 0.08703704 0.05559896
0 0.20439815 0.08164062 0.10787037 0.06953125
0 0.08761574 0.05696615 0.06087963 0.03554687
0 0.47094907 0.46692708 0.11967593 0.03151042
0 0.78229167 0.34205729 0.21180556 0.12447917
0 0.95092593 0.07740885 0.05138889 0.04778646
1 0.88344907 0.45305990 0.23310185 0.16054687
