1 0.70501302 0.39074074 0.07851562 0.14120370
0 0.78873698 0.37673611 0.08971354 0.15162037
1 0.35540365 0.06759259 0.03606771 0.13518519
1 0.95097656 0.02152778 0.05976562 0.04305556
0 0.41529948 0.18657407 0.07252604 0.13287037
0 0.36217448 0.18009259 0.03632812 0.08842593
1 0.11842448 0.37546296 0.08007813 0.09351852
0 0.22220052 0.36469907 0.04882812 0.08125000
0 0.83144531 0.86180556 0.09335938 0.12037037
0 0.82753906 0.80034722 0.08138021 0.11921296
1 0.97825521 0.06377315 0.04348958 0.11273148
0 0.47024740 0.05138889 0.10898438 0.10277778
1 0.75299479 0.25243056 0.05963542 0.10578704
0 0.74609375 0.19340278 0.05885417 0.08587963
0 0.59765625 0.06759259 0.14427083 0.13518519
0 0.17701823 0.45277778 0.07486979 0.13657407
