1 0.70451389 0.90950521 0.18402778 0.11119792
0 0.21620370 0.40592448 0.16851852 0.09283854
0 0.47164352 0.92669271 0.25532407 0.14661458
0 0.03379630 0.63138021 0.03657407 0.02343750
0 0.41631944 0.80970052 0.26226852 0.16210938
0 0.08692130 0.65826823 0.03819444 0.00846354
1 0.16875000 0.55950521 0.03611111 0.01067708
0 0.07337963 0.60625000 0.02546296 0.02005208
0 0.09340278 0.69544271 0.05254630 0.02656250
1 0.90266204 0.21601562 0.08819444 0.05286458
0 0.20497685 0.60904948 0.02615741 0.02330729
1 0.04768519 0.03730469 0.04212963 0.01783854
1 0.02314815 0.01074219 0.03009259 0.02148438
0 0.85451389 0.18033854 0.06134259 0.05104167
1 0.93506944 0.06757813 0.12986111 0.13125000
0 0.22777778 0.94798177 0.28796296 0.10403646
0 0.69456019 0.98098958 0.11226852 0.03802083
1 0.70555556 0.33938802 0.12222222 0.07721354
1 0.18159722 0.60227865 0.02708333 0.02408854
0 0.65763889 0.29016927 0.08750000 0.06315104
0 0.10381944 0.67447917 0.04375000 0.02447917
0 0.18090278 0.63196615 0.03587963 0.02070313
0 0.73159722 0.26796875 0.13125000 0.07734375
0 0.32673611 0.68710937 0.05486111 0.02968750
0 0.33807870 0.71666667 0.05671296 0.03515625
0 0.30277778 0.42005208 0.03935185 0.02708333
0 0.83298611 0.96236979 0.18171296 0.07526042
0 0.17349537 0.01230469 0.12708333 0.02460937
0 0.03877315 0.60605469 0.04930556 0.02460938
1 0.23807870 0.08411458 0.01412037 0.02005208
1 0.13807870 0.56861979 0.04930556 0.01875000
1 0.19004630 0.81145833 0.26018519 0.17109375
1 0.89548611 0.15312500 0.10671296 0.07005208
0 0.06377315 0.62832031 0.02893519 0.02486979
