0 0.43125000 0.16921296 0.06562500 0.09490741
0 0.19596354 0.14432870 0.08385417 0.16782407
0 0.07773437 0.87766204 0.10468750 0.15902778
0 0.43951823 0.26724537 0.07669271 0.13726852
0 0.44381510 0.38252315 0.07929687 0.11226852
0 0.10559896 0.14768519 0.09401042 0.11805556
0 0.83053385 0.09039352 0.10533854 0.13078704
0 0.77910156 0.50613426 0.06289062 0.11273148
0 0.02154948 0.69131944 0.04309896 0.14976852
0 0.96946615 0.36168981 0.06106771 0.12986111
0 0.97597656 0.15173611 0.04804688 0.07245370
0 0.84550781 0.47754630 0.08398438 0.05740741
0 0.85735677 0.27754630 0.10117188 0.17361111
1 0.36640625 0.13159722 0.04973958 0.12986111
0 0.07415365 0.63599537 0.03372396 0.04328704
0 0.12174479 0.68055556 0.06718750 0.11990741
0 0.07148437 0.68761574 0.02864583 0.04282407
0 0.27167969 0.25613426 0.08138021 0.17106481
0 0.23255208 0.32962963 0.01692708 0.04398148
0 0.15774740 0.37152778 0.10429687 0.12083333
1 0.19446615 0.57511574 0.07330729 0.13587963
