0 0.98906250 0.06562500 0.02187500 0.05902778
0 0.33483073 0.73078704 0.13398437 0.22361111
0 0.17988281 0.07928241 0.13919271 0.15856481
1 0.43222656 0.56087963 0.14283854 0.25833333
1 0.05917969 0.04710648 0.11835938 0.09421296
0 0.03697917 0.10706019 0.07395833 0.06689815
0 0.82701823 0.24143519 0.03320312 0.04583333
0 0.17688802 0.17800926 0.07981771 0.08750000
0 0.98203125 0.02303241 0.03593750 0.04606481
1 0.70572917 0.17337963 0.03828125 0.04861111
0 0.67799479 0.17951389 0.01927083 0.03726852
1 0.03789062 0.60960648 0.01458333 0.04930556
