0 0.10865885 0.50983796 0.01653646 0.07013889
1 0.11647135 0.92013889 0.12252604 0.15972222
1 0.21145833 0.18125000 0.01145833 0.01296296
0 0.62278646 0.62824074 0.06744792 0.04907407
0 0.86126302 0.36678241 0.08554688 0.13495370
0 0.18027344 0.29861111 0.05377604 0.11620370
0 0.54348958 0.61736111 0.05572917 0.08148148
1 0.22688802 0.24664352 0.07539063 0.12893519
1 0.35540365 0.03657407 0.03190104 0.06064815
0 0.86640625 0.47777778 0.08098958 0.12870370
0 0.79095052 0.37986111 0.03528646 0.02129630
0 0.36790365 0.06365741 0.02252604 0.03425926
0 0.66419271 0.90601852 0.15000000 0.18796296
0 0.78854167 0.45057870 0.08750000 0.13773148
1 0.37500000 0.03969907 0.01171875 0.03680556
0 0.11106771 0.45289352 0.06041667 0.09884259
0 0.60416667 0.78090278 0.13645833 0.24976852
0 0.50774740 0.03194444 0.13502604 0.06388889
