1 0.78346354 0.56608796 0.09557292 0.15254630
1 0.53085938 0.95972222 0.06588542 0.04074074
0 0.47897135 0.68506944 0.05794271 0.10439815
0 0.82109375 0.67118056 0.05494792 0.08773148
1 0.12174479 0.27847222 0.07942708 0.08518519
0 0.24843750 0.02395833 0.08463542 0.04791667
1 0.99381510 0.55949074 0.01236979 0.10370370
0 0.72441406 0.65023148 0.09153646 0.15879630
1 0.59615885 0.71898148 0.08476562 0.17453704
0 0.42799479 0.73518519 0.08854167 0.19305556
0 0.65273437 0.66053241 0.05494792 0.12569444
