1 0.98053385 0.03020833 0.03893229 0.06041667
0 0.42610677 0.03506944 0.01445313 0.07013889
0 0.77812500 0.63773148 0.05364583 0.09629630
0 0.34986979 0.01597222 0.03177083 0.03194444
1 0.34407552 0.04317130 0.03372396 0.08634259
0 0.73997396 0.24502315 0.04479167 0.09560185
0 0.75013021 0.34201389 0.03515625 0.09930556
0 0.68125000 0.29247685 0.06223958 0.09930556
0 0.58164062 0.51990741 0.06901042 0.14166667
1 0.80859375 0.36550926 0.01484375 0.04768519
1 0.78470052 0.50856481 0.04596354 0.05972222
2 0.51406250 0.49537037 0.06640625 0.09444444
0 0.34856771 0.04513889 0.02473958 0.04675926
0 0.20442708 0.36284722 0.06041667 0.15393519
1 0.76855469 0.09606481 0.01523437 0.04768519
