0 0.26484375 0.03090278 0.08958333 0.06180556
0 0.03932292 0.01550926 0.01588542 0.02129630
0 0.63802083 0.28935185 0.01536458 0.04953704
1 0.93125000 0.63773148 0.05677083 0.08379630
0 0.38776042 0.14027778 0.03750000 0.06898148
0 0.69537760 0.71030093 0.05403646 0.07384259
0 0.20611979 0.02615741 0.06197917 0.05231481
1 0.12063802 0.88125000 0.12486979 0.20787037
0 0.51699219 0.12106481 0.01158854 0.01388889
0 0.01959635 0.00474537 0.02252604 0.00902778
0 0.05097656 0.24467593 0.02044271 0.02731481
0 0.02513021 0.02071759 0.02031250 0.02476852
0 0.29622396 0.05138889 0.06015625 0.10277778
0 0.26367188 0.29050926 0.03307292 0.05648148
0 0.40305990 0.19444444 0.03007813 0.04953704
0 0.51855469 0.11041667 0.00507813 0.00972222
0 0.03828125 0.04699074 0.00703125 0.00787037
0 0.50045573 0.08298611 0.01132812 0.01921296
1 0.87005208 0.36817130 0.02005208 0.02569444
0 0.87916667 0.37951389 0.00963542 0.03263889
1 0.10807292 0.36238426 0.01927083 0.01365741
0 0.27376302 0.34074074 0.02434896 0.04629630
0 0.57864583 0.53483796 0.06458333 0.10578704
0 0.30546875 0.34212963 0.02109375 0.04629630
0 0.60429687 0.51435185 0.02057292 0.05740741
0 0.51178385 0.06354167 0.00976562 0.01967593
0 0.48723958 0.09907407 0.01197917 0.01620370
0 0.48990885 0.07361111 0.01002604 0.01712963
