0 0.73222656 0.52500000 0.07460937 0.12592593
0 0.09296875 0.26030093 0.15885417 0.24189815
0 0.72493490 0.67557870 0.08372396 0.09652778
0 0.67578125 0.57256944 0.08229167 0.14837963
1 0.23873698 0.60613426 0.09179687 0.12430556
1 0.35279948 0.58946759 0.08606771 0.11134259
0 0.20989583 0.15601852 0.10390625 0.21435185
0 0.08561198 0.07523148 0.13476562 0.15046296
1 0.92812500 0.23437500 0.03046875 0.07847222
1 0.93795573 0.30243056 0.02356771 0.14189815
1 0.42304687 0.23368056 0.02682292 0.06180556
