0 0.36585648 0.61451823 0.08680556 0.05247396
1 0.31909722 0.63964844 0.09606481 0.05091146
1 0.69108796 0.51458333 0.12893519 0.07526042
1 0.31898148 0.57473958 0.09305556 0.05781250
0 0.59768519 0.55527344 0.07824074 0.05638021
0 0.06759259 0.79134115 0.07824074 0.03033854
0 0.82326389 0.52597656 0.08726852 0.05429687
0 0.30671296 0.76119792 0.05555556 0.03098958
0 0.19895833 0.91738281 0.07615741 0.02539062
1 0.68055556 0.66933594 0.07916667 0.05585938
1 0.64178241 0.58105469 0.13912037 0.08372396
0 0.24189815 0.92402344 0.04861111 0.04153646
0 0.25972222 0.61901042 0.08240741 0.04661458
