1 0.02630208 0.52766204 0.05260417 0.15995370
1 0.35553385 0.89710648 0.09440104 0.16875000
0 0.77988281 0.23564815 0.16367188 0.29814815
0 0.40494792 0.24270833 0.06536458 0.08587963
0 0.10227865 0.44259259 0.09492188 0.12592593
0 0.96048177 0.60150463 0.07903646 0.16921296
0 0.48815104 0.72384259 0.05234375 0.11388889
0 0.18658854 0.17685185 0.09375000 0.07083333
0 0.11523438 0.28680556 0.11510417 0.17962963
0 0.09127604 0.37685185 0.07656250 0.05138889
0 0.45410156 0.24050926 0.05403646 0.05509259
0 0.46640625 0.31145833 0.06171875 0.12013889
0 0.95292969 0.03587963 0.09414062 0.07175926
0 0.88665365 0.40601852 0.08502604 0.09490741
0 0.39752604 0.18773148 0.05000000 0.07222222
0 0.41191406 0.80671296 0.06106771 0.18101852
0 0.82682292 0.06539352 0.13567708 0.13078704
1 0.90787760 0.47129630 0.12851563 0.19861111
1 0.44466146 0.81030093 0.09687500 0.17060185
0 0.97747396 0.44027778 0.04505208 0.15416667
0 0.92187500 0.20613426 0.15625000 0.29791667
0 0.21920573 0.28668981 0.08893229 0.20763889
