0 0.04960937 0.23368056 0.02916667 0.04791667
0 0.08828125 0.28101852 0.05546875 0.10277778
0 0.02089844 0.50879630 0.04179687 0.16527778
1 0.34134115 0.79039352 0.06080729 0.07986111
0 0.73587240 0.42754630 0.09101563 0.14629630
0 0.04218750 0.39409722 0.05755208 0.12291667
0 0.84498698 0.84398148 0.07773438 0.12777778
0 0.80449219 0.41678241 0.06653646 0.11875000
0 0.09257812 0.54432870 0.16171875 0.27662037
1 0.81451823 0.97824074 0.07148437 0.04351852
0 0.01165365 0.66296296 0.02330729 0.13796296
0 0.60592448 0.79583333 0.06966146 0.10694444
1 0.54348958 0.72962963 0.07838542 0.13657407
0 0.07311198 0.72569444 0.13919271 0.18287037
0 0.15032552 0.50636574 0.09804687 0.22893519
0 0.12584635 0.37997685 0.07070312 0.05532407
0 0.54739583 0.84097222 0.06510417 0.08935185
0 0.77513021 0.02384259 0.14114583 0.04768519
0 0.72376302 0.83877315 0.07408854 0.13958333
0 0.78684896 0.53159722 0.08437500 0.13495370
0 0.18736979 0.32708333 0.06145833 0.11805556
