0 0.72638889 0.14837240 0.12916667 0.08007812
0 0.27083333 0.46373698 0.17824074 0.10143229
0 0.44687500 0.48248698 0.19004630 0.11731771
1 0.57951389 0.48216146 0.10949074 0.07942708
1 0.57002315 0.26171875 0.02199074 0.01666667
0 0.68460648 0.46061198 0.15300926 0.07408854
0 0.44155093 0.72701823 0.14560185 0.09466146
0 0.03692130 0.08014323 0.07384259 0.03945312
0 0.30601852 0.76490885 0.12685185 0.06653646
0 0.02476852 0.04069010 0.04027778 0.02617188
1 0.00335648 0.54095052 0.00671296 0.02200521
1 0.06446759 0.00794271 0.05625000 0.01588542
1 0.70590278 0.25234375 0.19837963 0.11510417
0 0.37685185 0.78404948 0.07175926 0.03111979
0 0.29803241 0.79283854 0.08958333 0.04375000
0 0.07743056 0.15078125 0.15486111 0.12760417
0 0.79293981 0.50748698 0.13449074 0.08658854
0 0.71273148 0.37473958 0.20231481 0.11406250
1 0.29340278 0.68710937 0.18634259 0.09635417
0 0.17442130 0.06145833 0.21550926 0.12291667
0 0.67083333 0.52324219 0.11481481 0.06158854
1 0.70254630 0.57467448 0.15231481 0.08789062
1 0.61331019 0.14472656 0.12245370 0.08059896
1 0.58263889 0.32304687 0.19583333 0.10807292
1 0.31979167 0.57779948 0.23634259 0.12929687
0 0.67326389 0.19973958 0.12199074 0.05052083
