1 0.56493056 0.01777344 0.16365741 0.03554687
0 0.25960648 0.85039062 0.10347222 0.04427083
0 0.33344907 0.31269531 0.12152778 0.07278646
0 0.08935185 0.97265625 0.17870370 0.05468750
0 0.18425926 0.58470052 0.03842593 0.04257813
0 0.33923611 0.22682292 0.08865741 0.07083333
0 0.38449074 0.01497396 0.09722222 0.02994792
1 0.16018519 0.35084635 0.10324074 0.03111979
0 0.47858796 0.88190104 0.24884259 0.15442708
0 0.30659722 0.95716146 0.30393519 0.08567708
1 0.17106481 0.59296875 0.08379630 0.05859375
0 0.57280093 0.04414062 0.09282407 0.04036458
0 0.44525463 0.05631510 0.17337963 0.09335937
1 0.32719907 0.11113281 0.08449074 0.08007813
0 0.33379630 0.77923177 0.23657407 0.12018229
