0 0.87591146 0.43969907 0.12395833 0.19421296
0 0.30924479 0.69513889 0.07057292 0.12962963
0 0.06927083 0.30266204 0.13854167 0.26967593
0 0.76119792 0.36226852 0.11770833 0.18703704
0 0.17890625 0.70752315 0.05677083 0.17430556
0 0.07285156 0.55289352 0.14570312 0.24699074
1 0.92942708 0.33043981 0.08411458 0.12384259
0 0.22317708 0.67673611 0.09531250 0.14745370
0 0.83203125 0.24629630 0.01875000 0.06759259
1 0.95885417 0.13888889 0.03593750 0.06388889
0 0.83541667 0.35740741 0.03567708 0.08055556
1 0.15696615 0.58113426 0.03763021 0.11134259
