1 0.04062500 0.45937500 0.07682292 0.11134259
0 0.00592448 0.38703704 0.01184896 0.06481481
0 0.00696615 0.74236111 0.01393229 0.09444444
0 0.89895833 0.33078704 0.06015625 0.09305556
0 0.93515625 0.60717593 0.07526042 0.13611111
0 0.98730469 0.60578704 0.02539062 0.12870370
0 0.45462240 0.17476852 0.12304687 0.20185185
0 0.99069010 0.17511574 0.01861979 0.05949074
0 0.44648438 0.03854167 0.11302083 0.07708333
1 0.64231771 0.41273148 0.10703125 0.18055556
0 0.58339844 0.34965278 0.06679687 0.06597222
0 0.55917969 0.08101852 0.12955729 0.16203704
1 0.33802083 0.37986111 0.07109375 0.11157407
0 0.72050781 0.34675926 0.06809896 0.17824074
1 0.35123698 0.32754630 0.01861979 0.01759259
1 0.73710937 0.44814815 0.06276042 0.05185185
0 0.63522135 0.27037037 0.06132812 0.12824074
0 0.98483073 0.24837963 0.03033854 0.11990741
