1 0.38587963 0.23033854 0.09537037 0.05807292
1 0.57893519 0.99550781 0.08194444 0.00898438
1 0.09062500 0.30820313 0.09375000 0.01640625
1 0.25636574 0.26679687 0.07986111 0.05598958
1 0.11620370 0.57760417 0.20185185 0.11927083
1 0.63587963 0.27701823 0.13611111 0.07721354
1 0.73194444 0.03782552 0.15046296 0.07565104
0 0.11967593 0.68743490 0.20972222 0.10924479
0 0.21863426 0.63763021 0.06041667 0.04505208
0 0.37905093 0.29082031 0.07060185 0.04804687
0 0.42395833 0.25312500 0.07986111 0.05885417
0 0.23680556 0.68815104 0.05833333 0.06119792
0 0.22303241 0.62011719 0.05254630 0.02122396
0 0.12581019 0.40312500 0.10023148 0.03359375
