0 0.63554687 0.48611111 0.02109375 0.01342593
0 0.65045573 0.78043981 0.11210938 0.19282407
0 0.21074219 0.84930556 0.10507813 0.16435185
0 0.04459635 0.31215278 0.08007812 0.12569444
0 0.20475260 0.18379630 0.07148438 0.14907407
0 0.10859375 0.37962963 0.07265625 0.11018519
1 0.84186198 0.57662037 0.08059896 0.09814815
0 0.39850260 0.49571759 0.02174479 0.01782407
0 0.59609375 0.69687500 0.06484375 0.15439815
0 0.58346354 0.45243056 0.06093750 0.06504630
0 0.76250000 0.04629630 0.08723958 0.09259259
0 0.93131510 0.84317130 0.11601563 0.17847222
0 0.75807292 0.42037037 0.07031250 0.12777778
0 0.99016927 0.84826389 0.01966146 0.15810185
0 0.63476562 0.41192130 0.06432292 0.09791667
0 0.81171875 0.11759259 0.08072917 0.13101852
1 0.69231771 0.63402778 0.10442708 0.18518519
0 0.13033854 0.06180556 0.05286458 0.12361111
0 0.83261719 0.02986111 0.03945312 0.05972222
1 0.57135417 0.35879630 0.07421875 0.13101852
0 0.07656250 0.06770833 0.08489583 0.13541667
1 0.11907552 0.31250000 0.07565104 0.10231481
0 0.17584635 0.06608796 0.11158854 0.13217593
1 0.36191406 0.47175926 0.05872396 0.08518519
0 0.26914063 0.25034722 0.13046875 0.19004630
0 0.86386719 0.40729167 0.07174479 0.10763889
0 0.30149740 0.09143519 0.13945312 0.18287037
