0 0.31529948 0.31423611 0.01445313 0.04652778
0 0.43014323 0.72164352 0.07617188 0.10671296
0 0.13776042 0.17337963 0.09531250 0.16250000
0 0.12975260 0.06134259 0.05976563 0.12268519
0 0.08222656 0.25347222 0.09205729 0.13194444
1 0.44980469 0.57627315 0.13085938 0.23217593
0 0.45852865 0.76574074 0.03164063 0.03333333
1 0.79466146 0.98391204 0.08359375 0.03217593
1 0.63847656 0.34884259 0.07096354 0.12268519
0 0.89993490 0.73472222 0.06106771 0.09907407
0 0.60175781 0.39953704 0.07070312 0.11898148
0 0.02207031 0.23113426 0.04414063 0.09282407
0 0.80117188 0.07557870 0.02890625 0.07152778
0 0.01529948 0.37546296 0.03059896 0.10648148
0 0.28769531 0.08101852 0.01809896 0.03472222
1 0.93756510 0.14236111 0.02825521 0.03564815
0 0.02734375 0.30219907 0.05468750 0.07199074
0 0.76868490 0.04212963 0.07252604 0.08425926
0 0.19772135 0.61747685 0.06679687 0.09745370
0 0.96152344 0.73715278 0.02539062 0.06134259
1 0.34010417 0.71134259 0.12682292 0.18518519
0 0.19596354 0.70405093 0.05468750 0.09606481
0 0.05703125 0.10497685 0.11406250 0.20995370
