0 0.49485677 0.17789352 0.07695313 0.11736111
0 0.93938802 0.16597222 0.04544271 0.05925926
0 0.58984375 0.01840278 0.06927083 0.03680556
1 0.07285156 0.28067130 0.06106771 0.18726852
1 0.38424479 0.73796296 0.09973958 0.17453704
1 0.14746094 0.32500000 0.16158854 0.28703704
1 0.85768229 0.77546296 0.13359375 0.21990741
1 0.45403646 0.29571759 0.13489583 0.21875000
1 0.16321615 0.12372685 0.12330729 0.18449074
0 0.87180990 0.09432870 0.07122396 0.08912037
0 0.50716146 0.36342593 0.08906250 0.15555556
0 0.54563802 0.06840278 0.04492188 0.04236111
0 0.61315104 0.07812500 0.06354167 0.08634259
0 0.31985677 0.68645833 0.08736979 0.15856481
0 0.84277344 0.13113426 0.05664062 0.07152778
1 0.01712240 0.47349537 0.03424479 0.08819444
