0 0.18252315 0.51471354 0.01412037 0.00755208
0 0.09872685 0.46868490 0.03958333 0.01445312
0 0.10891204 0.80546875 0.04236111 0.01927083
0 0.21909722 0.84251302 0.03356481 0.00976562
0 0.17928241 0.63001302 0.04699074 0.02278646
0 0.07094907 0.36022135 0.05023148 0.02877604
0 0.20763889 0.47486979 0.01620370 0.01171875
0 0.14918981 0.60703125 0.04143519 0.03125000
0 0.13379630 0.26204427 0.04398148 0.01184896
0 0.24780093 0.52955729 0.04976852 0.03046875
0 0.17546296 0.71197917 0.14027778 0.08151042
0 0.14560185 0.63802083 0.04953704 0.02447917
1 0.27268519 0.64082031 0.02222222 0.00768229
0 0.22245370 0.79401042 0.14166667 0.09322917
0 0.34930556 0.50930990 0.01388889 0.01549479
0 0.05405093 0.77584635 0.05763889 0.02434896
0 0.11944444 0.81516927 0.02037037 0.01445312
0 0.08506944 0.81770833 0.05300926 0.01848958
0 0.24097222 0.73743490 0.02962963 0.02018229
0 0.10162037 0.77220052 0.03935185 0.01523438
0 0.09652778 0.60384115 0.06712963 0.02148438
1 0.08321759 0.69778646 0.02245370 0.01093750
1 0.89270833 0.38151042 0.21458333 0.15390625
0 0.84247685 0.99583333 0.06643519 0.00833333
0 0.06111111 0.32858073 0.02685185 0.02877604
