0 0.62285156 0.20092593 0.05247396 0.13564815
0 0.36979167 0.24895833 0.02760417 0.02800926
0 0.68925781 0.71967593 0.12747396 0.21666667
0 0.74433594 0.57766204 0.07200521 0.13865741
1 0.81940104 0.69259259 0.15390625 0.24537037
1 0.46640625 0.17476852 0.14843750 0.26296296
0 0.45611979 0.33310185 0.01302083 0.05972222
0 0.39388021 0.09525463 0.02864583 0.04236111
0 0.38632813 0.36759259 0.14375000 0.25138889
0 0.59270833 0.30428241 0.04557292 0.07708333
0 0.67376302 0.24687500 0.06809896 0.13032407
1 0.10410156 0.09340278 0.02695313 0.04189815
0 0.08945312 0.12916667 0.01588542 0.02361111
0 0.31692708 0.21354167 0.02994792 0.05115741
