0 0.12210648 0.75559896 0.04884259 0.02942708
1 0.11898148 0.40735677 0.05185185 0.02226563
0 0.36597222 0.12760417 0.26481481 0.16354167
1 0.88773148 0.52447917 0.22453704 0.14713542
0 0.34733796 0.03411458 0.23449074 0.06822917
0 0.68252315 0.99674479 0.06828704 0.00651042
0 0.11319444 0.18678385 0.03518519 0.03294271
0 0.00648148 0.35833333 0.01296296 0.01614583
1 0.76423611 0.14928385 0.06643519 0.08606771
1 0.26400463 0.85084635 0.15300926 0.08997396
1 0.01099537 0.91165365 0.01643519 0.00638021
0 0.20104167 0.90572917 0.12986111 0.08567708
0 0.81817130 0.99453125 0.06087963 0.01093750
0 0.12893519 0.39746094 0.04120370 0.00924479
0 0.02766204 0.97539062 0.05532407 0.04921875
