0 0.22557870 0.02382812 0.04606481 0.01901042
0 0.64687500 0.93945312 0.16828704 0.10520833
1 0.38564815 0.60358073 0.05972222 0.04361979
1 0.47361111 0.73697917 0.21388889 0.13307292
0 0.30428241 0.01113281 0.02800926 0.02226563
0 0.13576389 0.02916667 0.11921296 0.04062500
0 0.70358796 0.87207031 0.14837963 0.08841146
0 0.20474537 0.06269531 0.10902778 0.06835938
0 0.49363426 0.62076823 0.19513889 0.10690104
0 0.69027778 0.02493490 0.13981481 0.04986979
1 0.93067130 0.27363281 0.13865741 0.09544271
0 0.21469907 0.72460938 0.14375000 0.08307292
0 0.35335648 0.54837240 0.06180556 0.06575521
1 0.39768519 0.54583333 0.11064815 0.06744792
0 0.11851852 0.72988281 0.07407407 0.07408854
0 0.58981481 0.04479167 0.13287037 0.07578125
0 0.24988426 0.01516927 0.11087963 0.03033854
