0 0.79394531 0.63078704 0.09934896 0.15648148
1 0.03691406 0.63842593 0.07382812 0.10462963
1 0.49095052 0.64652778 0.09596354 0.14351852
1 0.16223958 0.69097222 0.10520833 0.14629630
1 0.32779948 0.16388889 0.02747396 0.03888889
0 0.72460938 0.61712963 0.04843750 0.08379630
0 0.16022135 0.00821759 0.01653646 0.01643519
0 0.17871094 0.09097222 0.00976562 0.01018519
0 0.14036458 0.01840278 0.02421875 0.03680556
1 0.66927083 0.21250000 0.02500000 0.05000000
0 0.61608073 0.05706019 0.00794271 0.02245370
0 0.62708333 0.71736111 0.06510417 0.07268519
0 0.98619792 0.47430556 0.02760417 0.12824074
0 0.85950521 0.57916667 0.08645833 0.15740741
0 0.56842448 0.66087963 0.08424479 0.15185185
0 0.94466146 0.27708333 0.03385417 0.05833333
0 0.68274740 0.22256944 0.03242188 0.05254630
1 0.73658854 0.50613426 0.10026042 0.17013889
0 0.14759115 0.04108796 0.01471354 0.03356481
0 0.44192708 0.68333333 0.01979167 0.06203704
1 0.39231771 0.09085648 0.02942708 0.05254630
0 0.94785156 0.44456019 0.07018229 0.12523148
