0 0.14140625 0.30069444 0.01562500 0.02638889
0 0.11367188 0.29027778 0.00703125 0.01944444
0 0.82734375 0.84305556 0.04375000 0.09722222
0 0.90234375 0.89166667 0.05625000 0.08611111
0 0.55820312 0.54305556 0.02578125 0.04444444
0 0.83046875 0.27500000 0.01093750 0.03611111
0 0.59726562 0.35347222 0.01328125 0.02083333
0 0.57070313 0.54097222 0.01328125 0.04027778
0 0.40742187 0.97152778 0.01015625 0.01805556
0 0.68515625 0.63263889 0.03593750 0.05694444
0 0.68007812 0.03402778 0.01640625 0.02638889
0 0.79492188 0.09305556 0.02734375 0.03888889
0 0.67773438 0.01180556 0.02578125 0.02361111
0 0.70273438 0.70486111 0.03203125 0.05138889
0 0.56953125 0.06388889 0.01562500 0.02222222
0 0.80937500 0.60416667 0.04687500 0.06111111
1 0.00820313 0.88055556 0.01640625 0.03888889
1 0.03164062 0.87083333 0.03984375 0.05833333
0 0.61523438 0.48333333 0.01171875 0.03888889
0 0.80859375 0.27361111 0.03906250 0.06666667
0 0.56875000 0.06388889 0.01406250 0.02222222
0 0.64765625 0.21111111 0.02031250 0.02777778
0 0.86132812 0.92777778 0.05703125 0.08333333
0 0.63046875 0.47500000 0.02500000 0.03611111
0 0.46601563 0.52222222 0.00859375 0.01388889
0 0.47187500 0.50972222 0.00781250 0.01388889
0 0.13750000 0.26944444 0.01875000 0.03611111
0 0.05000000 0.45694444 0.01718750 0.02777778
0 0.05664062 0.46527778 0.00703125 0.02500000
0 0.54765625 0.56250000 0.02343750 0.03888889
0 0.52304688 0.40972222 0.00703125 0.01388889
0 0.51718750 0.41875000 0.00781250 0.01250000
0 0.17812500 0.48611111 0.01093750 0.02500000
0 0.00625000 0.46388889 0.01250000 0.04722222
0 0.86484375 0.85069444 0.05468750 0.09583333
0 0.05078125 0.91527778 0.03437500 0.05277778
0 0.57031250 0.90694444 0.02500000 0.04166667
0 0.58867187 0.37291667 0.01953125 0.03472222
0 0.84960938 0.28055556 0.04296875 0.05555556
1 0.21328125 0.98125000 0.01093750 0.03750000
0 0.88867188 0.81111111 0.05390625 0.09166667
0 0.63242188 0.24097222 0.02265625 0.04027778
