0 0.39648438 0.99444444 0.01171875 0.01111111
0 0.60351562 0.13750000 0.01171875 0.01666667
0 0.03867188 0.27361111 0.02265625 0.02777778
0 0.78867188 0.32847222 0.06328125 0.09583333
0 0.63203125 0.80347222 0.02656250 0.05694444
0 0.04726562 0.30069444 0.01484375 0.02638889
0 0.06601562 0.31180556 0.02265625 0.04027778
0 0.08320313 0.29236111 0.02578125 0.04027778
1 0.23007813 0.84652778 0.01015625 0.01527778
0 0.19609375 0.40277778 0.00625000 0.01666667
0 0.45234375 0.76041667 0.01093750 0.01805556
0 0.14687500 0.65138889 0.01093750 0.02777778
0 0.66210938 0.19097222 0.02265625 0.02916667
0 0.49335938 0.39513889 0.00859375 0.01527778
0 0.60781250 0.14861111 0.01093750 0.01388889
0 0.51875000 0.38750000 0.01250000 0.01944444
0 0.05937500 0.46944444 0.02031250 0.05000000
0 0.02109375 0.17152778 0.02968750 0.05694444
0 0.75195312 0.38333333 0.05703125 0.09444444
0 0.14882812 0.96597222 0.01328125 0.02361111
0 0.53085938 0.37083333 0.01640625 0.03333333
0 0.61210937 0.63888889 0.01953125 0.04444444
1 0.09921875 0.97430556 0.01875000 0.02916667
0 0.80039063 0.35416667 0.04765625 0.08611111
0 0.11679688 0.52222222 0.01796875 0.01666667
0 0.12656250 0.51388889 0.01406250 0.02222222
0 0.64023437 0.17013889 0.02109375 0.03194444
0 0.00937500 0.12291667 0.01875000 0.07083333
0 0.48515625 0.40486111 0.00937500 0.01250000
0 0.88632812 0.71805556 0.06796875 0.09722222
0 0.65351563 0.14722222 0.01484375 0.02777778
