0 0.04687500 0.25277778 0.02500000 0.02777778
0 0.69960937 0.23194444 0.03984375 0.05000000
0 0.18906250 0.52708333 0.02343750 0.04027778
0 0.18242188 0.07430556 0.01640625 0.02361111
0 0.82773438 0.87500000 0.01640625 0.04166667
0 0.07578125 0.09375000 0.00781250 0.03750000
0 0.06914062 0.10416667 0.01953125 0.03333333
0 0.07773437 0.65277778 0.02578125 0.06666667
0 0.72695312 0.18263889 0.05859375 0.09583333
0 0.33593750 0.57916667 0.04531250 0.08888889
0 0.76875000 0.53819444 0.05156250 0.08472222
0 0.61054688 0.86458333 0.01796875 0.03194444
0 0.61328125 0.89444444 0.02343750 0.03888889
0 0.42617187 0.50555556 0.03671875 0.05277778
0 0.36054688 0.55208333 0.05546875 0.09583333
0 0.81992188 0.55277778 0.05859375 0.08888889
0 0.40429688 0.33125000 0.02265625 0.06527778
0 0.37304688 0.38680556 0.02421875 0.05694444
0 0.00312500 0.20486111 0.00625000 0.02083333
0 0.16328125 0.35763889 0.02500000 0.02916667
0 0.29570312 0.21597222 0.01484375 0.01250000
0 0.31679687 0.24444444 0.00859375 0.01666667
0 0.60429687 0.14236111 0.01484375 0.02361111
0 0.83671875 0.86319444 0.01406250 0.05694444
0 0.25000000 0.53888889 0.02812500 0.05555556
0 0.21835937 0.53194444 0.03828125 0.06111111
0 0.28125000 0.30555556 0.02656250 0.05000000
0 0.39843750 0.28819444 0.03593750 0.04027778
0 0.38750000 0.34375000 0.02500000 0.06527778
0 0.68476563 0.19722222 0.02734375 0.04722222
