0 0.26796875 0.24166667 0.04218750 0.08333333
0 0.18046875 0.96875000 0.09218750 0.06250000
0 0.54609375 0.79444444 0.06875000 0.13333333
0 0.63437500 0.86805556 0.04218750 0.11388889
0 0.60742188 0.80347222 0.07109375 0.12638889
0 0.30390625 0.59652778 0.05000000 0.07361111
0 0.56835938 0.04375000 0.05390625 0.08750000
0 0.01171875 0.90972222 0.02343750 0.03611111
0 0.11679687 0.11111111 0.01953125 0.05277778
0 0.16796875 0.11597222 0.01562500 0.05138889
0 0.13750000 0.12361111 0.02187500 0.05277778
0 0.59960938 0.72638889 0.05703125 0.05277778
0 0.43828125 0.44097222 0.02031250 0.05138889
0 0.53320312 0.46111111 0.03984375 0.07777778
0 0.04453125 0.06458333 0.02656250 0.04027778
0 0.42187500 0.25000000 0.03593750 0.06666667
0 0.87695312 0.21875000 0.03046875 0.07638889
0 0.87070313 0.31250000 0.03984375 0.08888889
0 0.04843750 0.87013889 0.04687500 0.06805556
0 0.32656250 0.55069444 0.03906250 0.05416667
0 0.90078125 0.65000000 0.02812500 0.05000000
0 0.09492187 0.35347222 0.01640625 0.05138889
0 0.07421875 0.34930556 0.04218750 0.06527778
0 0.53242188 0.38402778 0.05546875 0.10694444
0 0.03164063 0.19375000 0.02109375 0.02638889
0 0.01210938 0.17430556 0.01484375 0.02361111
0 0.89414063 0.68263889 0.01953125 0.03472222
0 0.20507812 0.28472222 0.03515625 0.07222222
0 0.22773437 0.26736111 0.04140625 0.07916667
0 0.01015625 0.87430556 0.02031250 0.04583333
0 0.47500000 0.40694444 0.05156250 0.03611111
0 0.85546875 0.47361111 0.02187500 0.03611111
0 0.87070313 0.98055556 0.02734375 0.03888889
0 0.92460937 0.66111111 0.01484375 0.02222222
0 0.43242187 0.13194444 0.01640625 0.03333333
0 0.04648438 0.83611111 0.03203125 0.05000000
0 0.84687500 0.60763889 0.04375000 0.07083333
0 0.91445312 0.67708333 0.02265625 0.04027778
0 0.02109375 0.16250000 0.01562500 0.02500000
0 0.58750000 0.90555556 0.06718750 0.11388889
0 0.61484375 0.06736111 0.05000000 0.05694444
0 0.28632812 0.50694444 0.05234375 0.09166667
0 0.33750000 0.62569444 0.04375000 0.04027778
0 0.05078125 0.37361111 0.03281250 0.06111111
