0 0.61250000 0.43819444 0.02968750 0.04583333
0 0.55468750 0.34027778 0.06406250 0.12500000
0 0.57851563 0.41527778 0.03671875 0.03055556
0 0.37304688 0.91111111 0.04453125 0.08888889
0 0.33476562 0.32638889 0.02421875 0.04444444
0 0.14726563 0.82916667 0.03984375 0.06666667
0 0.00273437 0.11527778 0.00546875 0.02222222
0 0.10820313 0.20555556 0.03046875 0.04444444
0 0.24101563 0.78750000 0.04296875 0.07500000
0 0.07148437 0.36111111 0.01640625 0.03055556
0 0.88593750 0.91458333 0.01093750 0.03194444
0 0.08593750 0.18402778 0.03437500 0.05138889
0 0.61875000 0.48958333 0.02812500 0.07916667
0 0.29062500 0.08472222 0.03906250 0.06944444
0 0.00742187 0.45416667 0.01484375 0.04166667
0 0.40234375 0.83541667 0.04687500 0.09583333
0 0.48007813 0.82430556 0.05390625 0.12083333
0 0.04960938 0.63888889 0.03828125 0.05833333
0 0.05468750 0.37430556 0.03125000 0.05972222
0 0.05429688 0.58472222 0.03828125 0.06388889
0 0.05976563 0.42222222 0.03515625 0.03888889
0 0.00937500 0.49236111 0.01875000 0.02916667
0 0.18007812 0.87013889 0.02109375 0.05972222
0 0.14687500 0.71666667 0.01406250 0.02222222
0 0.03671875 0.58333333 0.03125000 0.06666667
0 0.02812500 0.40694444 0.03437500 0.02777778
0 0.01484375 0.10833333 0.02968750 0.03333333
0 0.79843750 0.24305556 0.04062500 0.07222222
0 0.12421875 0.21111111 0.01875000 0.04166667
0 0.56757813 0.04652778 0.04296875 0.07083333
0 0.57734375 0.01458333 0.04531250 0.02916667
0 0.10820312 0.04305556 0.02109375 0.03055556
0 0.33476563 0.38888889 0.04140625 0.08333333
0 0.24687500 0.04791667 0.04375000 0.04861111
0 0.24804688 0.38055556 0.01640625 0.02777778
0 0.12929688 0.06388889 0.01171875 0.02222222
0 0.24570312 0.31111111 0.02890625 0.07222222
0 0.52187500 0.01805556 0.02187500 0.03611111
0 0.19492188 0.80972222 0.06015625 0.10000000
