0 0.15078125 0.12916667 0.02656250 0.03888889
0 0.73945313 0.67083333 0.03046875 0.03333333
0 0.06132812 0.09513889 0.01640625 0.02638889
0 0.17734375 0.15625000 0.02656250 0.03472222
0 0.12304688 0.54305556 0.02421875 0.03055556
0 0.05507812 0.26597222 0.01640625 0.05416667
0 0.37773438 0.86250000 0.04453125 0.10277778
0 0.35820312 0.10138889 0.02265625 0.04166667
0 0.89609375 0.08750000 0.02031250 0.04722222
0 0.57265625 0.42152778 0.02656250 0.03750000
0 0.50000000 0.04791667 0.01562500 0.04583333
0 0.08476562 0.33888889 0.02578125 0.04722222
0 0.77578125 0.33888889 0.04531250 0.07777778
0 0.46992187 0.05208333 0.04453125 0.04583333
0 0.97187500 0.45902778 0.05625000 0.13750000
0 0.30585938 0.04791667 0.01484375 0.02638889
0 0.11406250 0.03750000 0.01718750 0.03611111
0 0.72890625 0.72430556 0.05468750 0.09027778
1 0.44648437 0.80625000 0.05859375 0.12638889
0 0.34101563 0.05763889 0.01484375 0.03750000
0 0.52617187 0.40486111 0.06015625 0.07083333
0 0.76406250 0.41875000 0.01875000 0.04583333
0 0.07460938 0.10347222 0.02421875 0.03194444
0 0.23242188 0.85694444 0.04609375 0.08055556
0 0.69218750 0.78472222 0.04375000 0.06388889
0 0.32773438 0.06597222 0.02265625 0.02916667
0 0.65117187 0.75416667 0.03515625 0.06111111
0 0.26523438 0.81944444 0.02421875 0.07777778
0 0.92968750 0.02152778 0.03125000 0.04305556
0 0.53671875 0.05277778 0.02500000 0.06388889
0 0.31992188 0.03402778 0.02890625 0.04583333
0 0.19882812 0.83402778 0.02265625 0.08472222
0 0.98125000 0.68541667 0.03750000 0.07638889
0 0.11367188 0.34652778 0.03203125 0.04305556
0 0.15273438 0.15972222 0.02265625 0.03333333
0 0.95976562 0.15277778 0.06953125 0.08333333
0 0.28046875 0.59583333 0.03281250 0.05000000
0 0.40117188 0.88402778 0.06015625 0.11250000
0 0.97578125 0.56388889 0.04843750 0.12500000
0 0.17343750 0.16875000 0.01875000 0.02916667
0 0.42656250 0.05208333 0.03593750 0.05972222
0 0.17929687 0.22083333 0.01640625 0.02777778
0 0.10859375 0.31458333 0.03906250 0.05694444
0 0.79101562 0.44513889 0.02734375 0.02916667
0 0.11523438 0.12430556 0.01640625 0.02638889
0 0.45429687 0.11111111 0.03515625 0.06111111
0 0.09609375 0.09097222 0.02812500 0.04305556
0 0.98671875 0.06111111 0.02656250 0.12222222
0 0.96562500 0.02361111 0.04218750 0.04722222
