0 0.17851563 0.59861111 0.02890625 0.06944444
0 0.00898437 0.83402778 0.01796875 0.04305556
0 0.41640625 0.54375000 0.04218750 0.06805556
0 0.70507812 0.31111111 0.06328125 0.13333333
0 0.63593750 0.11875000 0.01875000 0.02916667
0 0.69492188 0.10555556 0.03984375 0.07777778
0 0.08125000 0.10416667 0.02031250 0.01388889
0 0.26250000 0.19791667 0.02812500 0.02638889
0 0.63476562 0.06736111 0.05859375 0.07916667
0 0.72460938 0.37013889 0.06015625 0.09583333
0 0.09804688 0.10069444 0.01328125 0.01250000
0 0.09296875 0.14861111 0.01718750 0.02777778
0 0.00664062 0.03125000 0.01328125 0.01527778
0 0.65859375 0.01180556 0.02968750 0.02361111
0 0.56562500 0.02222222 0.02500000 0.04444444
0 0.20468750 0.35555556 0.04687500 0.07777778
0 0.02890625 0.03055556 0.02343750 0.02777778
0 0.96054688 0.80555556 0.01640625 0.02500000
0 0.58984375 0.86388889 0.06093750 0.08611111
0 0.04609375 0.41111111 0.01875000 0.05000000
0 0.03632813 0.41388889 0.02109375 0.05555556
0 0.24492188 0.14652778 0.03515625 0.04027778
0 0.00546875 0.04583333 0.01093750 0.02222222
1 0.01562500 0.63958333 0.03125000 0.05416667
2 0.65898437 0.83750000 0.07109375 0.11111111
0 0.87421875 0.90347222 0.02031250 0.04027778
0 0.16328125 0.36388889 0.03906250 0.06944444
0 0.64492187 0.33125000 0.01953125 0.05416667
0 0.60898438 0.03402778 0.06953125 0.06805556
0 0.37851563 0.53125000 0.03671875 0.06805556
0 0.72343750 0.44513889 0.01562500 0.03750000
0 0.76132812 0.47013889 0.02890625 0.05416667
0 0.20898438 0.62708333 0.01796875 0.05972222
0 0.37070313 0.77222222 0.03671875 0.06388889
