0 0.49218750 0.10208333 0.04062500 0.05972222
0 0.37500000 0.47152778 0.06718750 0.11527778
0 0.13085938 0.34236111 0.02890625 0.04861111
0 0.75468750 0.23125000 0.07031250 0.09027778
0 0.72539062 0.62847222 0.01171875 0.01805556
0 0.48125000 0.88402778 0.01875000 0.09305556
0 0.44609375 0.02916667 0.05312500 0.05833333
1 0.40078125 0.85625000 0.07031250 0.13472222
0 0.47187500 0.95625000 0.03281250 0.05416667
0 0.72343750 0.60138889 0.01875000 0.02777778
0 0.42226562 0.96041667 0.06640625 0.07916667
0 0.33007812 0.59236111 0.03984375 0.06250000
0 0.67343750 0.93055556 0.09531250 0.13888889
0 0.19765625 0.70833333 0.02031250 0.02500000
0 0.75039062 0.96180556 0.06953125 0.07638889
0 0.33750000 0.53125000 0.05625000 0.09305556
0 0.47812500 0.05694444 0.05312500 0.09166667
0 0.16601562 0.30972222 0.01953125 0.06944444
0 0.87382812 0.37083333 0.03359375 0.07500000
0 0.13710937 0.27847222 0.01796875 0.06805556
0 0.71523438 0.61875000 0.01015625 0.02083333
0 0.16484375 0.35694444 0.01562500 0.03333333
0 0.37070313 0.55833333 0.03359375 0.06666667
0 0.45507812 0.11041667 0.03828125 0.06805556
0 0.31953125 0.19861111 0.01250000 0.02500000
0 0.73476562 0.84791667 0.08671875 0.18472222
