1 0.89140625 0.60347222 0.10468750 0.16805556
1 0.84570312 0.63194444 0.08046875 0.15277778
0 0.53242188 0.41250000 0.01796875 0.04722222
0 0.72968750 0.28125000 0.03281250 0.07638889
0 0.31328125 0.03194444 0.05312500 0.06388889
0 0.14492188 0.16527778 0.03984375 0.07222222
0 0.27656250 0.03125000 0.04218750 0.06250000
0 0.84257812 0.31388889 0.08359375 0.11666667
0 0.17226563 0.13958333 0.03515625 0.05694444
0 0.59570312 0.09027778 0.04453125 0.06944444
1 0.27343750 0.38680556 0.04531250 0.09027778
0 0.67382812 0.55486111 0.05078125 0.08194444
0 0.78867187 0.15069444 0.08359375 0.14861111
0 0.86132812 0.20486111 0.10078125 0.17083333
0 0.01328125 0.36736111 0.02656250 0.04583333
0 0.13281250 0.60694444 0.02656250 0.05833333
0 0.72148437 0.52500000 0.05703125 0.10555556
0 0.73437500 0.48263889 0.01250000 0.04583333
0 0.21757813 0.35625000 0.02890625 0.05416667
0 0.18476562 0.33472222 0.04296875 0.06944444
0 0.22812500 0.70972222 0.05781250 0.08333333
0 0.53632813 0.11041667 0.03671875 0.04305556
0 0.42929688 0.66180556 0.03828125 0.07083333
0 0.08750000 0.83194444 0.03750000 0.04444444
0 0.24843750 0.02777778 0.02812500 0.05555556
0 0.50351562 0.36111111 0.04140625 0.04722222
0 0.56406250 0.14652778 0.04062500 0.06527778
0 0.39960938 0.67152778 0.02265625 0.05694444
0 0.77070313 0.26180556 0.07265625 0.12638889
