0 0.13867188 0.52291667 0.01015625 0.02361111
0 0.02851562 0.45972222 0.01328125 0.02222222
0 0.09960938 0.66736111 0.01484375 0.01527778
0 0.10859375 0.62569444 0.01406250 0.02916667
0 0.14726563 0.52083333 0.00859375 0.01388889
0 0.13359375 0.50902778 0.01406250 0.02916667
0 0.08593750 0.53194444 0.01875000 0.03611111
0 0.07578125 0.55555556 0.02031250 0.03611111
0 0.07421875 0.36736111 0.01718750 0.02916667
0 0.05273438 0.35972222 0.02734375 0.03888889
0 0.03242188 0.33263889 0.02265625 0.04305556
0 0.52578125 0.64513889 0.02187500 0.03750000
0 0.01562500 0.09444444 0.03125000 0.03611111
0 0.54062500 0.66250000 0.01562500 0.02222222
0 0.60156250 0.77986111 0.01406250 0.02083333
0 0.59414063 0.75694444 0.02109375 0.03333333
0 0.54101562 0.63125000 0.02421875 0.04583333
0 0.55781250 0.38819444 0.01562500 0.02361111
0 0.42304688 0.75694444 0.01484375 0.01944444
0 0.10546875 0.26736111 0.01562500 0.02083333
0 0.01171875 0.17013889 0.02343750 0.04305556
0 0.81445312 0.04375000 0.03203125 0.05972222
0 0.45468750 0.93472222 0.01250000 0.02500000
0 0.06992187 0.02083333 0.01328125 0.02222222
0 0.08515625 0.89236111 0.01562500 0.02638889
0 0.00468750 0.84652778 0.00937500 0.05416667
0 0.12734375 0.64652778 0.02343750 0.03472222
0 0.01250000 0.66388889 0.02500000 0.05555556
0 0.01484375 0.69791667 0.02968750 0.04861111
0 0.94414062 0.81250000 0.02421875 0.03333333
0 0.69726562 0.26805556 0.01953125 0.03888889
0 0.83398438 0.04861111 0.01953125 0.05000000
0 0.77929688 0.23958333 0.02109375 0.03472222
0 0.78671875 0.02430556 0.02968750 0.04861111
0 0.58164063 0.51666667 0.01484375 0.02777778
0 0.56992187 0.50555556 0.01796875 0.03333333
0 0.63046875 0.40347222 0.01093750 0.02916667
0 0.74062500 0.24166667 0.04218750 0.05000000
0 0.72929687 0.31805556 0.03359375 0.05555556
1 0.95273437 0.89930556 0.01328125 0.04583333
0 0.13945313 0.62569444 0.01640625 0.02916667
0 0.47695312 0.80138889 0.01171875 0.03333333
1 0.52812500 0.92708333 0.02500000 0.04861111
0 0.68554688 0.76736111 0.03515625 0.05416667
0 0.49335937 0.48402778 0.01328125 0.02361111
0 0.95781250 0.78611111 0.02187500 0.03888889
0 0.92695313 0.77847222 0.01796875 0.03750000
0 0.92500000 0.79791667 0.01562500 0.03472222
0 0.80117187 0.40555556 0.03046875 0.05277778
0 0.73164063 0.43541667 0.05078125 0.08472222
0 0.70078125 0.70208333 0.02968750 0.10138889
0 0.48554687 0.65000000 0.01953125 0.02777778
0 0.66953125 0.70694444 0.04687500 0.09166667
0 0.46718750 0.60555556 0.01406250 0.02777778
0 0.47890625 0.60069444 0.01718750 0.02916667
0 0.45117188 0.69027778 0.01015625 0.02222222
0 0.46132812 0.67708333 0.01484375 0.02638889
0 0.47109375 0.66180556 0.01562500 0.02638889
0 0.11914062 0.39305556 0.01328125 0.01944444
0 0.10429687 0.39375000 0.01796875 0.02638889
0 0.09296875 0.38263889 0.01406250 0.02638889
0 0.49101562 0.46944444 0.01640625 0.02500000
0 0.50390625 0.47708333 0.01250000 0.02361111
0 0.40039062 0.91319444 0.00859375 0.01250000
0 0.63476562 0.65972222 0.02265625 0.03611111
0 0.15546875 0.55138889 0.01093750 0.02500000
0 0.15390625 0.57847222 0.00781250 0.02083333
0 0.20703125 0.58125000 0.00781250 0.01527778
0 0.19570313 0.60555556 0.00703125 0.01388889
0 0.18750000 0.60902778 0.01093750 0.01250000
0 0.18007812 0.59722222 0.01015625 0.01944444
0 0.17539063 0.75763889 0.01328125 0.02083333
0 0.18593750 0.75694444 0.00937500 0.01666667
