0 0.20000000 0.44652778 0.02500000 0.03472222
0 0.15937500 0.60208333 0.02031250 0.03472222
0 0.29804688 0.96111111 0.01484375 0.02500000
0 0.32578125 0.69583333 0.03593750 0.03611111
0 0.30859375 0.97569444 0.01875000 0.04861111
0 0.17148437 0.42708333 0.03203125 0.05694444
0 0.69140625 0.83333333 0.01718750 0.02500000
0 0.12617187 0.60347222 0.02890625 0.05138889
0 0.21679688 0.22500000 0.01171875 0.01944444
0 0.38671875 0.55833333 0.01562500 0.02777778
0 0.54765625 0.56736111 0.02500000 0.03750000
0 0.83125000 0.72986111 0.01250000 0.02638889
0 0.40273437 0.25416667 0.00703125 0.01666667
0 0.36406250 0.55416667 0.01250000 0.02500000
0 0.36484375 0.51180556 0.02656250 0.04027778
0 0.05039063 0.76319444 0.01953125 0.02916667
0 0.10664063 0.65972222 0.02890625 0.03055556
0 0.39804688 0.49930556 0.02421875 0.04027778
0 0.39648438 0.53541667 0.02109375 0.03472222
0 0.48164063 0.94236111 0.02265625 0.05972222
0 0.84609375 0.72430556 0.02031250 0.03194444
0 0.57421875 0.77291667 0.03593750 0.05416667
0 0.50000000 0.98402778 0.03281250 0.03194444
0 0.53164062 0.77708333 0.03203125 0.04583333
0 0.08398438 0.60208333 0.02265625 0.04305556
0 0.50625000 0.94791667 0.04218750 0.07916667
0 0.83203125 0.83263889 0.02656250 0.04027778
0 0.83515625 0.96319444 0.02812500 0.04583333
1 0.15312500 0.77291667 0.02343750 0.05694444
1 0.09843750 0.78194444 0.03750000 0.07500000
0 0.81640625 0.93819444 0.01718750 0.04027778
0 0.80898437 0.81527778 0.02265625 0.03055556
0 0.56640625 0.80486111 0.03437500 0.04861111
0 0.53164063 0.80833333 0.03359375 0.04166667
0 0.81015625 0.83611111 0.02031250 0.03333333
0 0.34335938 0.98194444 0.01953125 0.03611111
0 0.36445313 0.95902778 0.04609375 0.06250000
1 0.05273438 0.98819444 0.02890625 0.02361111
1 0.02148438 0.98611111 0.04140625 0.02777778
