0 0.41953125 0.87569444 0.01250000 0.02361111
0 0.44843750 0.72430556 0.01718750 0.02361111
0 0.38710937 0.95000000 0.01328125 0.02222222
0 0.82382812 0.71666667 0.04140625 0.05000000
0 0.60117188 0.99444444 0.01953125 0.01111111
0 0.04531250 0.81458333 0.01875000 0.03472222
0 0.05195313 0.82986111 0.01484375 0.03194444
0 0.12421875 0.81875000 0.00781250 0.01250000
0 0.46210938 0.73194444 0.01484375 0.02500000
0 0.53046875 0.86388889 0.02031250 0.03333333
0 0.53984375 0.54791667 0.00937500 0.01527778
0 0.42421875 0.93750000 0.01718750 0.03333333
0 0.44101563 0.92569444 0.02109375 0.03194444
0 0.49804688 0.99305556 0.02265625 0.01388889
0 0.74179687 0.95347222 0.03671875 0.09305556
0 0.10937500 0.98819444 0.01562500 0.02361111
0 0.59765625 0.66666667 0.01562500 0.01666667
0 0.12070312 0.98611111 0.01328125 0.02777778
0 0.03593750 0.97569444 0.02187500 0.04027778
0 0.42343750 0.86111111 0.01250000 0.01666667
0 0.55312500 0.54652778 0.01093750 0.01805556
0 0.45156250 0.74375000 0.01562500 0.02638889
0 0.40742187 0.93263889 0.01328125 0.03194444
0 0.00390625 0.76875000 0.00781250 0.02638889
0 0.00546875 0.74722222 0.01093750 0.03055556
0 0.13125000 0.81319444 0.00781250 0.01527778
0 0.37695312 0.95555556 0.01171875 0.02500000
0 0.68125000 0.95069444 0.03125000 0.07361111
0 0.57070312 0.90277778 0.00859375 0.01388889
0 0.78046875 0.93402778 0.02500000 0.09027778
0 0.78593750 0.69166667 0.05000000 0.08055556
0 0.05390625 0.94027778 0.02031250 0.03611111
0 0.43437500 0.87013889 0.01875000 0.03194444
0 0.54296875 0.87708333 0.01562500 0.02916667
