0 0.02382812 0.62708333 0.01953125 0.02083333
0 0.50976562 0.28680556 0.01328125 0.03750000
0 0.30390625 0.31041667 0.01562500 0.02083333
0 0.83007812 0.25138889 0.01796875 0.03611111
0 0.61210937 0.50763889 0.05859375 0.10694444
0 0.04882812 0.90138889 0.04140625 0.06666667
0 0.01406250 0.46458333 0.02343750 0.02916667
0 0.55078125 0.48541667 0.06875000 0.09583333
0 0.49882813 0.31805556 0.02890625 0.04166667
0 0.25234375 0.28402778 0.03437500 0.05694444
0 0.00625000 0.43819444 0.01250000 0.04861111
0 0.58320313 0.43402778 0.05859375 0.09583333
0 0.22460938 0.76458333 0.02734375 0.05138889
0 0.45546875 0.16666667 0.04062500 0.07500000
0 0.21562500 0.15069444 0.01093750 0.02083333
0 0.81757813 0.04791667 0.03359375 0.09583333
0 0.12656250 0.33611111 0.02812500 0.05833333
0 0.13281250 0.52777778 0.03437500 0.06666667
0 0.07226562 0.84583333 0.03671875 0.06944444
0 0.25781250 0.45625000 0.04687500 0.08472222
0 0.30664062 0.54375000 0.03984375 0.06805556
0 0.51445312 0.07083333 0.06328125 0.10833333
0 0.21093750 0.81805556 0.05000000 0.09444444
0 0.98320312 0.78888889 0.03359375 0.04444444
0 0.52851563 0.44375000 0.05703125 0.10416667
0 0.03984375 0.86805556 0.02812500 0.05277778
0 0.83984375 0.22569444 0.02812500 0.05694444
0 0.88515625 0.07916667 0.06093750 0.08055556
0 0.26523438 0.52222222 0.01796875 0.06388889
0 0.17460938 0.85833333 0.04296875 0.06388889
0 0.32031250 0.30486111 0.02656250 0.04027778
0 0.23867188 0.32708333 0.01953125 0.01527778
0 0.49960938 0.15972222 0.05078125 0.08888889
0 0.22500000 0.30972222 0.02812500 0.03611111
0 0.33046875 0.52986111 0.02187500 0.04861111
0 0.46796875 0.19583333 0.03593750 0.05555556
0 0.33867187 0.30069444 0.01640625 0.01250000
