0 0.01679687 0.38611111 0.01796875 0.03055556
0 0.05664062 0.23750000 0.01640625 0.03055556
0 0.51445312 0.29444444 0.04140625 0.07777778
0 0.48593750 0.96041667 0.02968750 0.07916667
0 0.47226563 0.30416667 0.04765625 0.08333333
0 0.77617187 0.67777778 0.03046875 0.06666667
0 0.01093750 0.19652778 0.01875000 0.03194444
0 0.52265625 0.54027778 0.04375000 0.08333333
0 0.16523437 0.65555556 0.01640625 0.01944444
0 0.05156250 0.21388889 0.01562500 0.02777778
0 0.13906250 0.68819444 0.02968750 0.05138889
0 0.12656250 0.67777778 0.02656250 0.05000000
0 0.21914063 0.62083333 0.03984375 0.06111111
0 0.20820312 0.64236111 0.02265625 0.04027778
0 0.84140625 0.87638889 0.02343750 0.04444444
0 0.56523437 0.55138889 0.05234375 0.08611111
0 0.86484375 0.88125000 0.02500000 0.03750000
0 0.47304687 0.24305556 0.03359375 0.05833333
0 0.73710937 0.58472222 0.03203125 0.05833333
0 0.74062500 0.68055556 0.04375000 0.07777778
0 0.72773438 0.50138889 0.02421875 0.03055556
0 0.93789063 0.43125000 0.06015625 0.08472222
0 0.00312500 0.21041667 0.00625000 0.02361111
0 0.74453125 0.49513889 0.01875000 0.03194444
1 0.24804688 0.57430556 0.04453125 0.07083333
0 0.52382813 0.23541667 0.06015625 0.09027778
0 0.03281250 0.36111111 0.02812500 0.04166667
0 0.28789063 0.31805556 0.03671875 0.03888889
0 0.07187500 0.23125000 0.01718750 0.03194444
0 0.27343750 0.87430556 0.03437500 0.05138889
0 0.23437500 0.89861111 0.05000000 0.07222222
1 0.98789063 0.96666667 0.02421875 0.06666667
