0 0.42890625 0.86666667 0.04375000 0.08888889
0 0.74257812 0.15069444 0.03515625 0.04027778
0 0.72734375 0.46250000 0.07656250 0.13333333
0 0.69335938 0.55416667 0.06953125 0.12222222
0 0.24843750 0.59097222 0.02656250 0.05694444
0 0.21914063 0.56319444 0.03984375 0.07638889
0 0.35546875 0.52847222 0.03750000 0.06527778
0 0.39882812 0.51736111 0.04921875 0.07638889
0 0.24257813 0.64652778 0.02265625 0.04027778
0 0.83320313 0.97708333 0.04453125 0.04583333
0 0.10976563 0.38333333 0.02890625 0.05555556
0 0.21484375 0.62847222 0.03906250 0.05972222
0 0.77500000 0.94722222 0.08437500 0.06666667
0 0.19843750 0.36250000 0.03125000 0.02500000
0 0.58710938 0.25138889 0.02890625 0.03055556
0 0.09414063 0.40347222 0.01796875 0.04027778
0 0.21132813 0.87361111 0.02734375 0.03888889
0 0.74648437 0.07777778 0.05546875 0.10555556
0 0.26171875 0.18263889 0.02656250 0.04027778
0 0.25000000 0.14375000 0.03906250 0.06805556
0 0.46132812 0.87847222 0.03671875 0.05138889
0 0.25312500 0.20069444 0.03281250 0.04027778
0 0.75117188 0.50763889 0.04765625 0.10972222
0 0.77734375 0.10902778 0.06406250 0.10138889
0 0.70898438 0.11458333 0.05703125 0.10694444
