0 0.69921875 0.75625000 0.06250000 0.11250000
0 0.18007813 0.50486111 0.01640625 0.02916667
0 0.70390625 0.09444444 0.02656250 0.04722222
0 0.74804688 0.03680556 0.02578125 0.04861111
0 0.72421875 0.04861111 0.04062500 0.06666667
0 0.82070313 0.80416667 0.04140625 0.06388889
0 0.66367188 0.75000000 0.03203125 0.10277778
0 0.25429687 0.66180556 0.03828125 0.06527778
0 0.37109375 0.07013889 0.01875000 0.03750000
0 0.13515625 0.68611111 0.03437500 0.05555556
0 0.31445312 0.22361111 0.03046875 0.05277778
0 0.76210937 0.72569444 0.07734375 0.13472222
0 0.17070313 0.85138889 0.03828125 0.05833333
0 0.24843750 0.51944444 0.03437500 0.06666667
0 0.82109375 0.42083333 0.05000000 0.06944444
0 0.18359375 0.28819444 0.01718750 0.02916667
0 0.46289062 0.96736111 0.03046875 0.06527778
0 0.15976562 0.65347222 0.03515625 0.05972222
0 0.81718750 0.36666667 0.05312500 0.08611111
0 0.29062500 0.63888889 0.04687500 0.06944444
0 0.31093750 0.47083333 0.04062500 0.07500000
0 0.06562500 0.63611111 0.01562500 0.02500000
0 0.17070313 0.30138889 0.01171875 0.02222222
0 0.53710938 0.34722222 0.03984375 0.07500000
0 0.73710937 0.81388889 0.04609375 0.06944444
0 0.32968750 0.25277778 0.02968750 0.05000000
0 0.77578125 0.54097222 0.01562500 0.05416667
0 0.02812500 0.62152778 0.01406250 0.02638889
0 0.20390625 0.86666667 0.02500000 0.03333333
0 0.13710938 0.64375000 0.02578125 0.03472222
0 0.28164062 0.50972222 0.04609375 0.07222222
0 0.72382813 0.10555556 0.03203125 0.05555556
0 0.62148437 0.20138889 0.02421875 0.05277778
0 0.05000000 0.63333333 0.01875000 0.02500000
0 0.23085938 0.64444444 0.03203125 0.05555556
0 0.01171875 0.75763889 0.02343750 0.04861111
0 0.78085938 0.37777778 0.03203125 0.08888889
0 0.35429687 0.24861111 0.02265625 0.03888889
