0 0.17695312 0.56458333 0.04453125 0.03194444
0 0.07265625 0.83611111 0.02500000 0.03055556
0 0.03710938 0.48194444 0.01484375 0.02500000
0 0.21406250 0.07361111 0.02968750 0.04444444
0 0.31796875 0.10972222 0.02812500 0.05555556
0 0.59140625 0.73055556 0.06718750 0.08333333
0 0.24687500 0.38333333 0.03281250 0.05833333
0 0.78867187 0.27847222 0.05234375 0.09861111
0 0.27734375 0.39583333 0.03593750 0.05000000
0 0.97929687 0.38680556 0.04140625 0.07361111
0 0.70000000 0.04930556 0.04375000 0.04861111
0 0.07148438 0.30972222 0.02578125 0.03055556
0 0.17343750 0.30000000 0.02656250 0.05555556
0 0.12539063 0.13541667 0.01953125 0.02361111
0 0.51367188 0.98819444 0.03828125 0.02361111
0 0.30546875 0.64583333 0.03593750 0.02500000
0 0.35429688 0.13888889 0.02734375 0.03611111
0 0.35468750 0.15625000 0.02187500 0.03472222
0 0.32812500 0.14444444 0.02812500 0.04444444
0 0.17148438 0.08472222 0.01796875 0.02500000
0 0.57812500 0.05625000 0.03750000 0.06527778
0 0.95781250 0.03055556 0.05781250 0.05000000
0 0.04726562 0.30555556 0.02421875 0.03888889
0 0.60429687 0.63194444 0.03984375 0.04722222
0 0.27695313 0.34791667 0.04765625 0.07361111
0 0.19257812 0.09097222 0.02734375 0.04027778
0 0.08867187 0.77986111 0.02109375 0.02916667
