0 0.23867187 0.41180556 0.02109375 0.03194444
0 0.27695313 0.88402778 0.02734375 0.07638889
0 0.21250000 0.35347222 0.03281250 0.04583333
0 0.24726562 0.60347222 0.03359375 0.05416667
0 0.76914063 0.93680556 0.01484375 0.03194444
0 0.79179687 0.95555556 0.03046875 0.05833333
0 0.18867187 0.34375000 0.01484375 0.02361111
0 0.19921875 0.40416667 0.01562500 0.02500000
0 0.19726562 0.56527778 0.03359375 0.04166667
0 0.16289063 0.52361111 0.03671875 0.03333333
0 0.25468750 0.33958333 0.03125000 0.05416667
0 0.50585938 0.42222222 0.01484375 0.02500000
0 0.47031250 0.44166667 0.02343750 0.04444444
0 0.70585937 0.78055556 0.01484375 0.03333333
0 0.71796875 0.78402778 0.01406250 0.02638889
0 0.82539063 0.77638889 0.01328125 0.02500000
0 0.75117188 0.97361111 0.02109375 0.04722222
0 0.76796875 0.97430556 0.02656250 0.04583333
0 0.77539062 0.98680556 0.01953125 0.02638889
0 0.43828125 0.71319444 0.03437500 0.04861111
0 0.45820313 0.67638889 0.03046875 0.05555556
0 0.48007812 0.71666667 0.04921875 0.07500000
0 0.48789063 0.40763889 0.03203125 0.05416667
0 0.12148438 0.71666667 0.01796875 0.03333333
0 0.51367188 0.67152778 0.04765625 0.07916667
0 0.44375000 0.88333333 0.04531250 0.06388889
1 0.08164062 0.90277778 0.02578125 0.05000000
0 0.94765625 0.82152778 0.03125000 0.03750000
0 0.45117188 0.37986111 0.01484375 0.02916667
0 0.24023438 0.37638889 0.02890625 0.04166667
0 0.45234375 0.97708333 0.02812500 0.04583333
