0 0.27578125 0.88472222 0.03125000 0.05000000
0 0.10117187 0.16805556 0.01953125 0.03333333
0 0.04960937 0.46111111 0.02734375 0.03333333
0 0.51875000 0.85416667 0.02812500 0.06944444
0 0.00781250 0.26944444 0.01562500 0.02777778
0 0.09609375 0.50972222 0.03125000 0.04722222
0 0.49257813 0.86180556 0.03671875 0.06250000
0 0.10859375 0.68958333 0.05156250 0.08194444
0 0.31484375 0.05069444 0.00937500 0.01250000
0 0.02695313 0.24791667 0.03203125 0.04305556
0 0.28476563 0.94930556 0.03359375 0.07361111
0 0.45429687 0.50069444 0.03359375 0.06805556
0 0.50664062 0.47638889 0.02265625 0.06944444
0 0.09882813 0.45555556 0.04921875 0.07222222
0 0.24296875 0.95347222 0.05781250 0.09305556
0 0.15351562 0.16875000 0.03359375 0.05694444
0 0.72773438 0.28472222 0.06328125 0.10277778
0 0.74726563 0.17569444 0.09296875 0.14305556
0 0.06328125 0.70277778 0.04375000 0.07222222
0 0.09023438 0.66319444 0.04140625 0.03750000
0 0.19062500 0.63819444 0.04062500 0.07361111
0 0.22070312 0.60694444 0.03671875 0.08055556
0 0.40000000 0.03055556 0.01875000 0.03888889
0 0.33750000 0.34027778 0.03750000 0.05833333
0 0.67812500 0.24097222 0.07500000 0.12916667
0 0.50078125 0.79375000 0.04843750 0.09027778
0 0.12460937 0.18888889 0.03671875 0.04722222
0 0.39882812 0.81805556 0.02109375 0.02500000
0 0.03828125 0.44722222 0.02343750 0.04166667
0 0.03281250 0.38055556 0.02812500 0.01666667
0 0.58359375 0.26736111 0.02500000 0.03750000
0 0.48828125 0.47222222 0.04062500 0.07777778
0 0.59375000 0.94305556 0.02031250 0.06666667
0 0.09023438 0.08125000 0.01015625 0.02638889
0 0.47226563 0.79166667 0.02578125 0.05277778
0 0.57851562 0.21944444 0.03828125 0.06944444
0 0.55664062 0.24444444 0.02578125 0.05555556
0 0.56718750 0.27013889 0.01406250 0.03194444
