0 0.80585938 0.01736111 0.02421875 0.03472222
2 0.30390625 0.26805556 0.04843750 0.07777778
0 0.80234375 0.00625000 0.01875000 0.01250000
0 0.64882812 0.40277778 0.01484375 0.03888889
0 0.67578125 0.26458333 0.01562500 0.04027778
0 0.75234375 0.35625000 0.01562500 0.02638889
1 0.57539063 0.65069444 0.02421875 0.04027778
0 0.01875000 0.77361111 0.03750000 0.04444444
0 0.79453125 0.13125000 0.01718750 0.02916667
0 0.68593750 0.07638889 0.01562500 0.01388889
0 0.66367187 0.27986111 0.01796875 0.03194444
0 0.64492187 0.26597222 0.01484375 0.03472222
0 0.29843750 0.21666667 0.01875000 0.03055556
0 0.80781250 0.11041667 0.01875000 0.03472222
0 0.51835937 0.14097222 0.01328125 0.02361111
0 0.26953125 0.08055556 0.02656250 0.04166667
0 0.56093750 0.23888889 0.01406250 0.03333333
1 0.51289063 0.19305556 0.04140625 0.06666667
0 0.66445313 0.56180556 0.01328125 0.03472222
0 0.65000000 0.29652778 0.01875000 0.02916667
0 0.78828125 0.10972222 0.02031250 0.03888889
0 0.78632813 0.01597222 0.01953125 0.03194444
0 0.81210938 0.12916667 0.01953125 0.03333333
