1 0.55898437 0.83680556 0.03046875 0.06250000
0 0.20312500 0.52013889 0.02031250 0.02916667
0 0.12031250 0.71041667 0.01093750 0.02361111
0 0.63046875 0.04652778 0.01093750 0.02361111
0 0.60390625 0.23055556 0.02187500 0.03888889
0 0.53867188 0.87291667 0.03046875 0.05416667
0 0.69062500 0.64027778 0.02656250 0.06388889
0 0.70195312 0.70138889 0.03359375 0.06111111
0 0.70351562 0.92708333 0.01953125 0.07916667
0 0.59062500 0.26250000 0.02031250 0.03055556
0 0.04804688 0.39444444 0.02421875 0.05000000
0 0.02968750 0.39236111 0.03125000 0.04583333
0 0.17460938 0.30902778 0.01015625 0.01527778
0 0.13945313 0.40277778 0.01953125 0.02500000
0 0.16054688 0.27847222 0.01640625 0.02638889
0 0.66992188 0.70694444 0.03671875 0.06666667
0 0.57421875 0.26458333 0.01562500 0.03472222
0 0.16835938 0.29722222 0.01171875 0.01944444
0 0.72617187 0.63750000 0.04140625 0.07222222
0 0.47929688 0.43472222 0.01171875 0.02222222
0 0.46289062 0.44583333 0.00703125 0.01388889
0 0.47031250 0.44513889 0.00937500 0.01527778
0 0.73867188 0.95486111 0.04453125 0.08750000
0 0.51328125 0.87291667 0.02812500 0.05694444
0 0.05585937 0.60833333 0.02421875 0.04166667
0 0.11992188 0.38888889 0.01484375 0.02222222
0 0.48203125 0.58055556 0.02187500 0.03333333
0 0.47031250 0.59444444 0.00937500 0.01666667
0 0.97656250 0.35972222 0.04687500 0.10000000
