1 0.66484375 0.95694444 0.03593750 0.04722222
0 0.57851563 0.96111111 0.05703125 0.07777778
0 0.00976562 0.43750000 0.01953125 0.04722222
0 0.23281250 0.01736111 0.02656250 0.03472222
0 0.25742188 0.01111111 0.03203125 0.02222222
0 0.21210937 0.00902778 0.01796875 0.01805556
0 0.35703125 0.92083333 0.03281250 0.04722222
0 0.43242187 0.94166667 0.02265625 0.02222222
0 0.01875000 0.97847222 0.03750000 0.04305556
0 0.55156250 0.59652778 0.04218750 0.10138889
0 0.24726562 0.56736111 0.02578125 0.05972222
0 0.62734375 0.25416667 0.05625000 0.08611111
0 0.57812500 0.26458333 0.05000000 0.09861111
0 0.37734375 0.90763889 0.01093750 0.04027778
0 0.09921875 0.24166667 0.02812500 0.04722222
0 0.69726562 0.43888889 0.00859375 0.02222222
0 0.78945312 0.56805556 0.03828125 0.06944444
0 0.69179688 0.43055556 0.01015625 0.01944444
0 0.71562500 0.42986111 0.01875000 0.02361111
0 0.04101562 0.13611111 0.01796875 0.02777778
0 0.04882812 0.14375000 0.01640625 0.02638889
0 0.51015625 0.54305556 0.05625000 0.10833333
0 0.77695313 0.62291667 0.02421875 0.05416667
0 0.09257812 0.29375000 0.02890625 0.04861111
0 0.19375000 0.81875000 0.04062500 0.08750000
0 0.19140625 0.75902778 0.03281250 0.04583333
0 0.22226562 0.24097222 0.03984375 0.06250000
0 0.19414063 0.24305556 0.01953125 0.03611111
0 0.07031250 0.29652778 0.02187500 0.04583333
0 0.05703125 0.28333333 0.01875000 0.02222222
0 0.86289063 0.95694444 0.04296875 0.08611111
0 0.63046875 0.49305556 0.03906250 0.11388889
0 0.70585937 0.44583333 0.01484375 0.02777778
