0 0.03554688 0.72638889 0.05859375 0.07777778
0 0.04843750 0.33750000 0.00937500 0.01944444
0 0.42539063 0.99305556 0.01484375 0.01388889
0 0.70390625 0.70555556 0.00937500 0.02222222
0 0.69492188 0.70347222 0.01171875 0.02916667
0 0.66367188 0.71527778 0.00859375 0.01944444
0 0.77851563 0.82291667 0.02890625 0.05138889
0 0.46835938 0.97291667 0.02734375 0.05416667
0 0.24140625 0.85000000 0.01093750 0.02777778
0 0.02031250 0.98055556 0.04062500 0.03888889
0 0.75117188 0.79722222 0.02265625 0.02777778
0 0.76406250 0.97569444 0.02812500 0.04861111
0 0.80546875 0.67152778 0.01718750 0.03750000
0 0.79335937 0.68402778 0.01640625 0.03472222
0 0.79257813 0.82638889 0.02734375 0.05555556
0 0.75390625 0.83194444 0.02656250 0.04722222
0 0.39140625 0.79027778 0.01718750 0.03055556
0 0.08359375 0.37500000 0.04843750 0.07222222
0 0.11015625 0.39513889 0.01562500 0.03472222
0 0.27226563 0.83472222 0.02109375 0.03333333
0 0.25976562 0.85972222 0.01953125 0.02777778
2 0.25898437 0.93402778 0.01171875 0.04305556
0 0.69218750 0.67777778 0.01250000 0.02777778
0 0.06171875 0.41805556 0.03750000 0.05833333
0 0.10820313 0.72777778 0.06953125 0.08333333
0 0.50468750 0.79027778 0.01406250 0.02500000
0 0.77031250 0.95486111 0.01562500 0.01805556
0 0.44726562 0.98750000 0.02265625 0.02500000
0 0.43515625 0.98611111 0.01562500 0.02777778
0 0.61015625 0.83194444 0.02656250 0.04166667
0 0.40625000 0.79583333 0.01250000 0.02500000
0 0.44804687 0.95763889 0.01484375 0.03750000
0 0.00781250 0.79166667 0.01562500 0.06111111
0 0.04843750 0.78750000 0.07656250 0.10000000
0 0.79453125 0.99236111 0.03750000 0.01527778
0 0.21601562 0.60208333 0.00859375 0.01527778
