0 0.48398438 0.46388889 0.01640625 0.02777778
2 0.58007812 0.98194444 0.01171875 0.02222222
0 0.42109375 0.42569444 0.01718750 0.03472222
0 0.18906250 0.37013889 0.04062500 0.05694444
0 0.26015625 0.06458333 0.01093750 0.02083333
0 0.70546875 0.83750000 0.00937500 0.03055556
0 0.43125000 0.78055556 0.01875000 0.02500000
0 0.40156250 0.81527778 0.04062500 0.06111111
0 0.45234375 0.81805556 0.06093750 0.09166667
0 0.50000000 0.97986111 0.04375000 0.04027778
0 0.17890625 0.68750000 0.04218750 0.06111111
0 0.84101563 0.85208333 0.01953125 0.02916667
0 0.10390625 0.59236111 0.02968750 0.04305556
0 0.16484375 0.45555556 0.02343750 0.03611111
0 0.46132812 0.44652778 0.03828125 0.06250000
0 0.11796875 0.44583333 0.01875000 0.03055556
0 0.12031250 0.63958333 0.03750000 0.05972222
0 0.19101562 0.98402778 0.05546875 0.03194444
0 0.44179687 0.49166667 0.02578125 0.05000000
0 0.42343750 0.76180556 0.02968750 0.05694444
0 0.16679688 0.41388889 0.03359375 0.05000000
0 0.41835937 0.98819444 0.05078125 0.02361111
0 0.49335938 0.76319444 0.05546875 0.07638889
0 0.71171875 0.85000000 0.01250000 0.03333333
0 0.72109375 0.85625000 0.01250000 0.02638889
0 0.97695313 0.90138889 0.03359375 0.04166667
0 0.13554688 0.39305556 0.03984375 0.06111111
