0 0.88476562 0.04375000 0.05546875 0.08750000
0 0.15351562 0.02569444 0.01171875 0.01250000
0 0.97187500 0.47083333 0.05625000 0.16111111
0 0.82695312 0.06180556 0.08046875 0.12361111
0 0.80234375 0.13194444 0.07187500 0.09444444
0 0.16445312 0.56458333 0.04453125 0.07361111
0 0.39570312 0.97777778 0.06015625 0.04444444
0 0.83945313 0.51666667 0.01171875 0.01944444
0 0.45820312 0.61250000 0.06015625 0.09722222
0 0.13281250 0.01458333 0.00937500 0.01805556
0 0.17187500 0.78333333 0.03593750 0.04166667
0 0.75742188 0.09375000 0.06328125 0.12638889
0 0.14843750 0.01736111 0.00937500 0.01805556
0 0.38007812 0.25833333 0.05859375 0.10000000
0 0.19062500 0.72638889 0.05625000 0.07222222
0 0.17109375 0.62500000 0.02812500 0.06666667
0 0.98867187 0.61041667 0.02265625 0.08750000
0 0.19179688 0.05138889 0.02265625 0.03888889
0 0.78789062 0.03402778 0.01953125 0.06805556
0 0.08632813 0.19236111 0.02421875 0.02361111
0 0.19843750 0.29722222 0.02656250 0.05833333
0 0.01406250 0.24722222 0.02812500 0.04444444
0 0.33906250 0.29722222 0.04843750 0.09166667
0 0.84179688 0.52638889 0.00859375 0.01388889
0 0.85039062 0.52222222 0.01171875 0.02222222
0 0.08906250 0.53472222 0.02031250 0.03611111
0 0.21367188 0.07569444 0.02734375 0.04583333
0 0.20742187 0.03263889 0.01796875 0.02916667
0 0.23203125 0.32569444 0.03593750 0.05694444
0 0.48710938 0.91736111 0.01796875 0.04027778
