0 0.61210937 0.81041667 0.03046875 0.06527778
1 0.19179687 0.89513889 0.01015625 0.01527778
0 0.60195312 0.13680556 0.01953125 0.02916667
0 0.51640625 0.41180556 0.01562500 0.05416667
0 0.55429687 0.32916667 0.01796875 0.03055556
0 0.49843750 0.55833333 0.02187500 0.03611111
0 0.48710937 0.57430556 0.01484375 0.03472222
0 0.68242187 0.41527778 0.01328125 0.04166667
0 0.48398438 0.43888889 0.01328125 0.01944444
0 0.66562500 0.41250000 0.03125000 0.04722222
0 0.08828125 0.42430556 0.01250000 0.02361111
0 0.67656250 0.26250000 0.01093750 0.02222222
0 0.05781250 0.89097222 0.02500000 0.04305556
1 0.04140625 0.75069444 0.03906250 0.05138889
0 0.59648437 0.63055556 0.02421875 0.02500000
0 0.61992187 0.61597222 0.02109375 0.02916667
0 0.63359375 0.59097222 0.02656250 0.05972222
0 0.65625000 0.25208333 0.02343750 0.03750000
0 0.53398437 0.41388889 0.01328125 0.02500000
0 0.58281250 0.70416667 0.02968750 0.04166667
0 0.18515625 0.45069444 0.01250000 0.02361111
0 0.83437500 0.55208333 0.03906250 0.07916667
0 0.60429687 0.16875000 0.01640625 0.02083333
0 0.46328125 0.87222222 0.01718750 0.03055556
0 0.03945312 0.42361111 0.03203125 0.04444444
0 0.04609375 0.28194444 0.02187500 0.03888889
0 0.62851562 0.64097222 0.03359375 0.04027778
0 0.54804688 0.50277778 0.03515625 0.04722222
0 0.17929687 0.43402778 0.01171875 0.02638889
0 0.68398437 0.37916667 0.01953125 0.02500000
0 0.53476563 0.15069444 0.01171875 0.02083333
0 0.02304687 0.27430556 0.03359375 0.06527778
0 0.85585937 0.52430556 0.05390625 0.12083333
0 0.56679687 0.30972222 0.01484375 0.02500000
0 0.64140625 0.39791667 0.02812500 0.05138889
0 0.82148438 0.20486111 0.05234375 0.07638889
0 0.57265625 0.34027778 0.01406250 0.01944444
0 0.16054688 0.26944444 0.01640625 0.03055556
0 0.05859375 0.79097222 0.02656250 0.04305556
0 0.63125000 0.81736111 0.03750000 0.06805556
0 0.65781250 0.85208333 0.02812500 0.05416667
0 0.65195313 0.79583333 0.01953125 0.05833333
0 0.16171875 0.29722222 0.01406250 0.02500000
1 0.24609375 0.84375000 0.00781250 0.01250000
0 0.56093750 0.35000000 0.01250000 0.01666667
0 0.62812500 0.87291667 0.03750000 0.05972222
0 0.53945312 0.40555556 0.01953125 0.02777778
0 0.37226563 0.92847222 0.00859375 0.01527778
