0 0.59023438 0.00902778 0.03359375 0.01805556
0 0.10000000 0.11805556 0.01875000 0.03333333
0 0.55429688 0.22222222 0.07109375 0.10555556
0 0.48203125 0.27569444 0.02031250 0.07083333
1 0.01250000 0.63750000 0.02500000 0.05833333
0 0.11875000 0.47569444 0.02656250 0.04305556
0 0.46445313 0.95277778 0.01484375 0.02500000
0 0.32929687 0.24027778 0.03671875 0.04444444
0 0.82773438 0.57152778 0.02265625 0.04027778
0 0.24492187 0.58680556 0.04609375 0.07361111
0 0.28554687 0.55000000 0.04765625 0.08055556
0 0.54296875 0.03611111 0.03281250 0.07222222
0 0.13476562 0.64861111 0.01640625 0.05277778
0 0.09023438 0.91805556 0.02421875 0.05833333
0 0.06796875 0.13263889 0.01562500 0.02638889
0 0.59335937 0.06527778 0.04140625 0.06944444
0 0.15703125 0.65277778 0.03593750 0.05833333
0 0.82773438 0.60833333 0.01640625 0.02500000
0 0.51835937 0.23888889 0.01171875 0.03333333
0 0.50898438 0.27569444 0.04609375 0.06805556
0 0.85820312 0.72986111 0.01953125 0.04861111
0 0.15703125 0.44444444 0.04843750 0.05000000
0 0.28554687 0.63194444 0.04765625 0.08611111
0 0.83593750 0.72222222 0.02187500 0.04444444
0 0.00429688 0.85763889 0.00859375 0.03472222
0 0.82539063 0.70416667 0.01484375 0.03611111
0 0.15039062 0.47083333 0.03359375 0.03333333
0 0.74960938 0.19652778 0.03203125 0.06805556
0 0.07617188 0.26180556 0.01171875 0.03750000
0 0.49687500 0.21388889 0.04531250 0.09166667
0 0.51289063 0.59027778 0.02265625 0.02500000
0 0.36406250 0.23611111 0.01718750 0.03888889
0 0.74492187 0.12986111 0.04296875 0.08194444
0 0.08398438 0.13958333 0.01796875 0.02638889
