0 0.14921875 0.82430556 0.03906250 0.09305556
0 0.62890625 0.65902778 0.03906250 0.05138889
0 0.00625000 0.15486111 0.01250000 0.02916667
0 0.43789062 0.53819444 0.05390625 0.12083333
0 0.90117187 0.09930556 0.05390625 0.11527778
0 0.14648438 0.76388889 0.02890625 0.04166667
1 0.58750000 0.92430556 0.05156250 0.08750000
0 0.41367188 0.94097222 0.01484375 0.02361111
0 0.31523438 0.92777778 0.01953125 0.05833333
0 0.20625000 0.01736111 0.04218750 0.03472222
0 0.19960938 0.57638889 0.02734375 0.06666667
0 0.42343750 0.91458333 0.01562500 0.01805556
0 0.17539062 0.25069444 0.03828125 0.06250000
0 0.06132812 0.26041667 0.03203125 0.04861111
0 0.01132813 0.16388889 0.01015625 0.02222222
0 0.05156250 0.30694444 0.02187500 0.04166667
0 0.55585938 0.24791667 0.05390625 0.08750000
0 0.55117188 0.48472222 0.04453125 0.12222222
0 0.16445313 0.01805556 0.01640625 0.03333333
0 0.18437500 0.02430556 0.02656250 0.04305556
0 0.86914062 0.19583333 0.04140625 0.08055556
0 0.51015625 0.25208333 0.04531250 0.08472222
0 0.47226563 0.58680556 0.02890625 0.09583333
0 0.03281250 0.31250000 0.02187500 0.04166667
0 0.10429688 0.87500000 0.05078125 0.03888889
0 0.50664062 0.95069444 0.05234375 0.09861111
0 0.96992188 0.51666667 0.06015625 0.11666667
0 0.89531250 0.52013889 0.09218750 0.06527778
0 0.14726563 0.24930556 0.02109375 0.04861111
