0 0.09101562 0.73958333 0.03828125 0.05694444
0 0.03632813 0.56805556 0.03671875 0.05555556
0 0.01328125 0.74027778 0.02656250 0.03055556
0 0.11718750 0.72777778 0.01562500 0.03055556
0 0.03593750 0.08750000 0.01406250 0.02500000
0 0.39921875 0.65694444 0.04687500 0.06388889
0 0.02539062 0.43402778 0.01328125 0.02638889
0 0.23750000 0.09583333 0.01562500 0.03333333
0 0.27421875 0.43611111 0.02031250 0.02777778
0 0.02382812 0.55138889 0.02734375 0.02777778
0 0.38515625 0.69375000 0.04375000 0.05694444
0 0.20898438 0.30138889 0.01953125 0.04722222
0 0.67031250 0.69930556 0.07968750 0.11805556
0 0.68515625 0.56875000 0.08437500 0.14583333
0 0.93515625 0.78194444 0.03125000 0.03888889
0 0.05429688 0.12708333 0.01171875 0.02083333
0 0.21171875 0.07500000 0.01875000 0.03611111
0 0.21757813 0.09236111 0.01796875 0.02361111
0 0.22031250 0.05555556 0.02968750 0.05000000
0 0.03085938 0.17916667 0.01640625 0.02777778
0 0.60195313 0.19444444 0.04453125 0.05555556
0 0.30976563 0.28819444 0.03203125 0.04861111
0 0.07460938 0.52361111 0.02421875 0.05000000
0 0.23242188 0.27777778 0.01015625 0.02222222
0 0.04726562 0.19236111 0.02421875 0.04027778
0 0.00976562 0.57777778 0.01953125 0.05000000
0 0.86250000 0.85972222 0.02656250 0.01944444
0 0.95898438 0.11527778 0.04140625 0.03888889
0 0.71953125 0.73680556 0.06562500 0.10416667
0 0.75156250 0.63402778 0.07187500 0.12916667
