0 0.44140625 0.62430556 0.02031250 0.03194444
0 0.57656250 0.43819444 0.02968750 0.05694444
1 0.86289063 0.94027778 0.07890625 0.11944444
0 0.01914063 0.09930556 0.01015625 0.02083333
0 0.38671875 0.28680556 0.00937500 0.01250000
0 0.89335937 0.12152778 0.05859375 0.09861111
0 0.86992187 0.17847222 0.04453125 0.05694444
0 0.01015625 0.24513889 0.01562500 0.01805556
0 0.38281250 0.29791667 0.00781250 0.01250000
0 0.40820312 0.75486111 0.03203125 0.04305556
0 0.37968750 0.77361111 0.01562500 0.03333333
0 0.88437500 0.76527778 0.03593750 0.03888889
0 0.01015625 0.21875000 0.02031250 0.03750000
0 0.04023438 0.19652778 0.00703125 0.01527778
0 0.96484375 0.96527778 0.04375000 0.06944444
0 0.76601562 0.77361111 0.02265625 0.03333333
0 0.71171875 0.29652778 0.01406250 0.02638889
0 0.57734375 0.47847222 0.02500000 0.03194444
0 0.55546875 0.47777778 0.02343750 0.03055556
0 0.89453125 0.19444444 0.01875000 0.02500000
0 0.00742187 0.29722222 0.01484375 0.03055556
0 0.82890625 0.57291667 0.05312500 0.10138889
0 0.83203125 0.51458333 0.02031250 0.02361111
0 0.76875000 0.68472222 0.04375000 0.06111111
0 0.02539062 0.55763889 0.01328125 0.02083333
0 0.80742187 0.64444444 0.04140625 0.07222222
0 0.91367187 0.15625000 0.04453125 0.07638889
0 0.85468750 0.08541667 0.05937500 0.09861111
0 0.36953125 0.52013889 0.01875000 0.02916667
0 0.55937500 0.42013889 0.01093750 0.04861111
0 0.60859375 0.65625000 0.01875000 0.03194444
0 0.39765625 0.49236111 0.02031250 0.02361111
1 0.40351563 0.88125000 0.02421875 0.02638889
0 0.80898438 0.56041667 0.06796875 0.11250000
0 0.00820313 0.37916667 0.01640625 0.03611111
0 0.77304687 0.62847222 0.05234375 0.08472222
0 0.43398437 0.59166667 0.02265625 0.03888889
0 0.39414063 0.28333333 0.01171875 0.02222222
