0 0.86875000 0.01805556 0.03906250 0.03611111
0 0.61562500 0.68750000 0.02031250 0.02777778
0 0.32851562 0.40486111 0.03203125 0.05694444
0 0.62226563 0.64375000 0.02734375 0.05694444
0 0.22695312 0.52638889 0.01328125 0.01944444
0 0.39257812 0.67291667 0.02578125 0.01527778
0 0.08242188 0.50138889 0.01640625 0.02777778
0 0.77109375 0.76805556 0.01718750 0.02777778
0 0.89492188 0.30000000 0.05703125 0.08055556
0 0.60742188 0.64791667 0.01171875 0.04027778
0 0.26640625 0.47916667 0.02500000 0.02500000
0 0.36054688 0.37013889 0.04609375 0.07638889
0 0.15781250 0.82013889 0.02968750 0.05138889
0 0.27968750 0.08263889 0.02968750 0.04583333
0 0.01484375 0.47986111 0.01406250 0.03472222
0 0.17578125 0.13958333 0.01250000 0.01805556
0 0.00468750 0.48194444 0.00937500 0.02777778
0 0.19726562 0.59027778 0.01328125 0.03333333
0 0.11953125 0.32152778 0.02343750 0.03194444
0 0.09687500 0.32083333 0.02343750 0.05000000
0 0.43828125 0.17430556 0.02343750 0.04027778
0 0.08007812 0.36111111 0.01796875 0.02777778
0 0.72851562 0.77638889 0.03515625 0.06944444
0 0.06093750 0.20694444 0.01250000 0.01944444
0 0.41328125 0.16388889 0.02968750 0.04722222
0 0.01757812 0.63680556 0.02421875 0.03472222
0 0.43710938 0.15763889 0.02421875 0.03472222
0 0.04296875 0.15833333 0.01093750 0.01944444
0 0.41171875 0.00555556 0.01562500 0.01111111
0 0.40390625 0.12569444 0.03593750 0.05694444
0 0.75820313 0.02083333 0.02109375 0.04166667
0 0.23554687 0.31527778 0.02890625 0.05555556
0 0.41328125 0.92916667 0.01406250 0.03611111
0 0.74570313 0.63680556 0.01484375 0.05138889
0 0.89062500 0.37361111 0.04531250 0.05833333
0 0.25703125 0.10138889 0.02812500 0.04166667
0 0.35703125 0.41805556 0.03125000 0.04722222
0 0.23671875 0.09513889 0.01562500 0.02361111
0 0.24492188 0.58750000 0.03203125 0.05555556
1 0.07773437 0.84375000 0.01328125 0.01527778
