0 0.00507813 0.43263889 0.01015625 0.01527778
0 0.17851563 0.57152778 0.03671875 0.06250000
0 0.20898438 0.59375000 0.03046875 0.03750000
0 0.12929688 0.77361111 0.03359375 0.07500000
0 0.04375000 0.89375000 0.02031250 0.04305556
0 0.35859375 0.91527778 0.04062500 0.03888889
0 0.42617187 0.83611111 0.02109375 0.04444444
0 0.62578125 0.99166667 0.03593750 0.01666667
0 0.58398438 0.99444444 0.02109375 0.01111111
0 0.58242187 0.97013889 0.03984375 0.05972222
0 0.85312500 0.92777778 0.02500000 0.03333333
0 0.85546875 0.95069444 0.02187500 0.03472222
0 0.87695312 0.83611111 0.01484375 0.02777778
0 0.89023438 0.82500000 0.02265625 0.04166667
0 0.48398438 0.65486111 0.01328125 0.02638889
0 0.85859375 0.70347222 0.00781250 0.01250000
0 0.10703125 0.83819444 0.03437500 0.03750000
0 0.86953125 0.71180556 0.00781250 0.01250000
0 0.40234375 0.75416667 0.00937500 0.02222222
0 0.36796875 0.94375000 0.02187500 0.07083333
0 0.87851563 0.94652778 0.02734375 0.04305556
1 0.10546875 0.96805556 0.03125000 0.06388889
1 0.15937500 0.96527778 0.02812500 0.06944444
0 0.16523437 0.76111111 0.02265625 0.05833333
0 0.08398438 0.77916667 0.02890625 0.06111111
0 0.43984375 0.72777778 0.02500000 0.03888889
0 0.60000000 0.73194444 0.02812500 0.04444444
0 0.72578125 0.94861111 0.02031250 0.03611111
0 0.43828125 0.68333333 0.02656250 0.04722222
0 0.43828125 0.38611111 0.01093750 0.01944444
0 0.02070312 0.43333333 0.01015625 0.01944444
0 0.40312500 0.70208333 0.03125000 0.04861111
0 0.63007813 0.96597222 0.04453125 0.06805556
0 0.42734375 0.75555556 0.02031250 0.03333333
