0 0.05546875 0.47569444 0.02656250 0.04583333
0 0.26640625 0.45347222 0.02656250 0.06250000
0 0.72500000 0.81180556 0.01562500 0.02916667
0 0.53828125 0.53402778 0.05468750 0.05138889
0 0.08632813 0.70694444 0.03828125 0.06111111
0 0.62148438 0.64305556 0.03671875 0.06944444
0 0.03320312 0.17361111 0.02265625 0.01944444
0 0.26210937 0.21180556 0.03984375 0.06527778
0 0.22617188 0.19375000 0.03671875 0.06250000
0 0.53671875 0.12430556 0.05000000 0.08194444
0 0.52734375 0.22638889 0.04062500 0.02777778
0 0.01601562 0.52152778 0.01015625 0.03750000
0 0.27031250 0.82152778 0.01875000 0.04305556
0 0.02070312 0.56875000 0.02578125 0.03194444
0 0.08125000 0.46666667 0.02812500 0.05000000
0 0.22460938 0.21944444 0.03671875 0.04722222
0 0.00781250 0.50069444 0.01562500 0.05416667
0 0.66914063 0.40486111 0.02578125 0.05694444
0 0.20820312 0.42500000 0.03984375 0.05555556
0 0.28710938 0.81111111 0.00859375 0.02222222
0 0.96679688 0.22083333 0.06640625 0.14722222
0 0.55429687 0.65902778 0.05234375 0.10694444
0 0.97109375 0.49861111 0.02500000 0.03333333
