0 0.79921875 0.94583333 0.01718750 0.04166667
0 0.49570313 0.90763889 0.01328125 0.02361111
0 0.62656250 0.84375000 0.01718750 0.02638889
0 0.84687500 0.94027778 0.02187500 0.05555556
0 0.64023437 0.85069444 0.01328125 0.02638889
0 0.45703125 0.92708333 0.00937500 0.02083333
0 0.46601562 0.92222222 0.01171875 0.02222222
0 0.60742188 0.97291667 0.02265625 0.04027778
0 0.76093750 0.83888889 0.01875000 0.02222222
0 0.18515625 0.96250000 0.01562500 0.03055556
0 0.52382813 0.85208333 0.01796875 0.02638889
0 0.75351563 0.85347222 0.01953125 0.02361111
0 0.70820313 0.97152778 0.02109375 0.03472222
0 0.49609375 0.72430556 0.01093750 0.01527778
0 0.10351562 0.81458333 0.01328125 0.02916667
0 0.94960938 0.96805556 0.02109375 0.03611111
0 0.61523438 0.57152778 0.00703125 0.01527778
0 0.51289063 0.84583333 0.00859375 0.01388889
0 0.53359375 0.89930556 0.01875000 0.02916667
0 0.01992187 0.93680556 0.02734375 0.05416667
0 0.51992187 0.91388889 0.01484375 0.02777778
0 0.53945312 0.72708333 0.01171875 0.02361111
0 0.86718750 0.73958333 0.03593750 0.05694444
0 0.19882813 0.88819444 0.01328125 0.02638889
0 0.69023437 0.95347222 0.02265625 0.04305556
0 0.59101563 0.98194444 0.01640625 0.03333333
0 0.52460938 0.72152778 0.01328125 0.02361111
0 0.51250000 0.85972222 0.01093750 0.01944444
0 0.52968750 0.73750000 0.01250000 0.01944444
0 0.15117188 0.95763889 0.02109375 0.03750000
0 0.09023438 0.82361111 0.02265625 0.02777778
0 0.16914062 0.97013889 0.02265625 0.03750000
0 0.50273437 0.89166667 0.01171875 0.02777778
