0 0.26015625 0.49652778 0.02343750 0.02638889
0 0.37890625 0.30694444 0.02031250 0.04444444
0 0.48671875 0.30902778 0.02343750 0.06250000
0 0.85312500 0.20555556 0.04062500 0.05833333
0 0.88203125 0.82291667 0.01406250 0.02361111
0 0.90859375 0.82986111 0.02031250 0.03750000
0 0.86914062 0.83333333 0.02578125 0.04166667
0 0.69609375 0.88194444 0.02031250 0.03611111
0 0.67500000 0.87638889 0.02343750 0.03611111
0 0.14140625 0.09583333 0.01875000 0.05277778
0 0.50703125 0.56666667 0.05156250 0.09444444
0 0.12617187 0.10555556 0.01953125 0.03333333
0 0.01992187 0.10972222 0.01328125 0.01666667
0 0.01992187 0.08541667 0.02109375 0.01805556
0 0.71054688 0.14722222 0.01640625 0.03055556
0 0.21367188 0.44166667 0.02265625 0.05555556
0 0.02812500 0.30486111 0.02031250 0.03194444
0 0.02343750 0.57291667 0.01718750 0.03472222
0 0.03476563 0.67847222 0.01953125 0.02638889
0 0.05625000 0.66319444 0.02343750 0.04305556
0 0.17031250 0.67291667 0.01562500 0.05416667
0 0.14726563 0.87638889 0.01640625 0.03333333
0 0.01210938 0.43680556 0.02421875 0.05138889
0 0.10898437 0.26111111 0.02890625 0.03611111
0 0.07734375 0.27291667 0.01250000 0.02083333
0 0.07031250 0.28263889 0.01093750 0.01527778
0 0.26835937 0.08750000 0.01484375 0.02222222
0 0.32539063 0.25902778 0.00859375 0.02361111
0 0.52460938 0.46041667 0.01796875 0.03194444
0 0.89492187 0.18194444 0.06328125 0.09722222
0 0.86250000 0.24166667 0.05156250 0.04166667
0 0.95546875 0.55138889 0.02968750 0.10000000
0 0.24648437 0.07222222 0.02109375 0.03055556
0 0.98281250 0.56666667 0.03437500 0.10277778
0 0.04648438 0.31805556 0.03046875 0.03055556
0 0.56132812 0.53402778 0.05078125 0.09305556
0 0.89140625 0.85625000 0.02656250 0.04305556
0 0.04648438 0.20763889 0.01640625 0.02083333
0 0.54531250 0.33472222 0.02343750 0.07222222
0 0.90429688 0.93472222 0.07421875 0.13055556
0 0.06015625 0.21736111 0.00781250 0.01527778
0 0.35859375 0.07569444 0.01562500 0.02361111
0 0.36562500 0.21875000 0.01718750 0.02361111
0 0.48007812 0.59305556 0.04921875 0.09166667
0 0.35312500 0.54861111 0.02812500 0.05833333
0 0.32187500 0.54375000 0.03750000 0.06527778
0 0.24882812 0.51597222 0.02265625 0.03750000
