0 0.12070312 0.16111111 0.02734375 0.03611111
0 0.46601563 0.98402778 0.03828125 0.03194444
0 0.58437500 0.03750000 0.02500000 0.05000000
0 0.64140625 0.02916667 0.04687500 0.05833333
0 0.18906250 0.42847222 0.03593750 0.05138889
0 0.02226562 0.36250000 0.02265625 0.02500000
0 0.61523438 0.30138889 0.04296875 0.07500000
0 0.10585938 0.36041667 0.01640625 0.02916667
0 0.89726562 0.45347222 0.06171875 0.05694444
0 0.00468750 0.35486111 0.00937500 0.02916667
0 0.26328125 0.05555556 0.01250000 0.02222222
0 0.65859375 0.82013889 0.01875000 0.03750000
0 0.25351563 0.20277778 0.02578125 0.03888889
0 0.24296875 0.05972222 0.01406250 0.02777778
0 0.14140625 0.14027778 0.02812500 0.03888889
0 0.43320313 0.69444444 0.05390625 0.06111111
0 0.15664063 0.42083333 0.02734375 0.05000000
0 0.10156250 0.15277778 0.01562500 0.02777778
0 0.46445313 0.05833333 0.02734375 0.05555556
0 0.18398438 0.38958333 0.04296875 0.06805556
0 0.21406250 0.65277778 0.02656250 0.03333333
0 0.15351562 0.05555556 0.00859375 0.02222222
0 0.58945313 0.32500000 0.03203125 0.06666667
0 0.62500000 0.36041667 0.04062500 0.05972222
0 0.45195313 0.97083333 0.02578125 0.05833333
0 0.23046875 0.20138889 0.01406250 0.02500000
0 0.22812500 0.20763889 0.02500000 0.04027778
0 0.44023437 0.04861111 0.01484375 0.03055556
0 0.25195312 0.21458333 0.02109375 0.03472222
0 0.72656250 0.94375000 0.06718750 0.11250000
0 0.68281250 0.99236111 0.03437500 0.01527778
0 0.66914063 0.09305556 0.05546875 0.06944444
0 0.37695312 0.97291667 0.04453125 0.05416667
0 0.02421875 0.83333333 0.01562500 0.02222222
0 0.22265625 0.17361111 0.03125000 0.04444444
1 0.79375000 0.94583333 0.09843750 0.10833333
