0 0.65156250 0.95347222 0.03750000 0.08194444
0 0.68906250 0.85972222 0.03750000 0.12777778
0 0.17460938 0.51180556 0.03984375 0.06527778
0 0.20664063 0.51527778 0.02578125 0.04722222
0 0.30039063 0.51111111 0.05078125 0.09722222
0 0.28007813 0.54305556 0.04296875 0.08611111
0 0.25976562 0.20069444 0.01796875 0.02638889
0 0.27539062 0.23472222 0.00703125 0.01388889
0 0.90781250 0.78541667 0.05937500 0.06527778
0 0.37070313 0.45833333 0.03359375 0.05000000
0 0.65078125 0.58611111 0.01406250 0.02500000
0 0.26445313 0.95069444 0.04765625 0.09861111
0 0.67031250 0.42500000 0.01250000 0.02222222
0 0.32812500 0.27638889 0.03437500 0.05277778
0 0.33398438 0.23125000 0.02734375 0.07361111
0 0.55546875 0.08750000 0.00468750 0.02222222
0 0.40429688 0.88472222 0.03515625 0.08055556
0 0.21562500 0.04861111 0.00937500 0.02222222
0 0.69804687 0.70208333 0.00859375 0.02638889
0 0.34335938 0.83819444 0.04609375 0.03472222
0 0.68750000 0.70625000 0.01406250 0.02361111
0 0.63984375 0.15763889 0.04687500 0.05972222
0 0.86250000 0.96805556 0.03437500 0.03611111
0 0.93242187 0.98819444 0.02109375 0.02361111
0 0.97109375 0.81736111 0.05781250 0.10416667
0 0.71054687 0.46944444 0.05234375 0.10833333
0 0.23632812 0.27777778 0.02890625 0.05000000
0 0.02617187 0.09513889 0.01484375 0.03194444
0 0.74921875 0.48194444 0.04062500 0.11111111
0 0.13437500 0.05833333 0.02031250 0.03055556
0 0.65742188 0.09305556 0.05703125 0.09166667
0 0.61757813 0.12083333 0.02890625 0.05000000
0 0.66367187 0.42986111 0.01015625 0.01805556
0 0.01054688 0.25208333 0.02109375 0.03472222
0 0.02812500 0.44236111 0.03125000 0.03472222
0 0.09960938 0.43194444 0.02890625 0.03888889
0 0.14179687 0.50555556 0.02734375 0.05277778
0 0.65859375 0.56319444 0.01718750 0.02638889
0 0.65468750 0.42777778 0.00937500 0.01666667
0 0.27929688 0.21875000 0.01171875 0.02083333
0 0.65429688 0.43680556 0.00703125 0.01250000
0 0.80273438 0.94236111 0.03359375 0.03194444
