0 0.76953125 0.77152778 0.01562500 0.02638889
0 0.74648438 0.78958333 0.01015625 0.01805556
0 0.45742187 0.67430556 0.01171875 0.01805556
0 0.62851563 0.90833333 0.01484375 0.03888889
0 0.85234375 0.69375000 0.01093750 0.02361111
0 0.56406250 0.86041667 0.01093750 0.03194444
0 0.76406250 0.78888889 0.01250000 0.02222222
0 0.16914062 0.78888889 0.01015625 0.01944444
0 0.45976563 0.68680556 0.01015625 0.01527778
0 0.55351562 0.92916667 0.01328125 0.02500000
0 0.83515625 0.69375000 0.01562500 0.02361111
0 0.46562500 0.68333333 0.00781250 0.01944444
0 0.46875000 0.67777778 0.01093750 0.01666667
0 0.61992187 0.66805556 0.02109375 0.04166667
0 0.52617187 0.77430556 0.00859375 0.01805556
0 0.56367188 0.62847222 0.00703125 0.01527778
0 0.73007812 0.87777778 0.02578125 0.03333333
0 0.76992188 0.74305556 0.01796875 0.03055556
0 0.06445312 0.98194444 0.02890625 0.03611111
0 0.14414063 0.77638889 0.01796875 0.03333333
0 0.59492188 0.83541667 0.01484375 0.02083333
0 0.01289062 0.98888889 0.02578125 0.02222222
0 0.93945312 0.92777778 0.03671875 0.05277778
0 0.44179687 0.78194444 0.00859375 0.02222222
0 0.39492187 0.96875000 0.00859375 0.01805556
0 0.11445313 0.67013889 0.01171875 0.02083333
0 0.90703125 0.75902778 0.02343750 0.03750000
0 0.17343750 0.74236111 0.00937500 0.02083333
0 0.18242188 0.76805556 0.01328125 0.01944444
0 0.74570313 0.75763889 0.01953125 0.02916667
0 0.60468750 0.79861111 0.01718750 0.03333333
0 0.59804688 0.91527778 0.01796875 0.05000000
0 0.15664063 0.79236111 0.01640625 0.02916667
0 0.05156250 0.80694444 0.02812500 0.03888889
0 0.90117187 0.96111111 0.02578125 0.04166667
0 0.93085938 0.95902778 0.03203125 0.04305556
0 0.00742187 0.82083333 0.01484375 0.04166667
0 0.03242188 0.82777778 0.03671875 0.05000000
0 0.51601563 0.76805556 0.01328125 0.02222222
0 0.43164062 0.83125000 0.01171875 0.02083333
0 0.40546875 0.85347222 0.00937500 0.01805556
0 0.41406250 0.85069444 0.01093750 0.01805556
0 0.45156250 0.78125000 0.01250000 0.02361111
0 0.45781250 0.82013889 0.01718750 0.02361111
0 0.44609375 0.83055556 0.01250000 0.02222222
0 0.48476562 0.86944444 0.01328125 0.02500000
0 0.49531250 0.86180556 0.01406250 0.02916667
0 0.90429688 0.93194444 0.03046875 0.05000000
0 0.04960937 0.67500000 0.01796875 0.03611111
