0 0.12031250 0.70763889 0.03437500 0.06250000
0 0.13828125 0.27708333 0.02968750 0.05416667
0 0.12578125 0.98819444 0.00781250 0.02361111
0 0.15234375 0.47013889 0.02031250 0.02083333
0 0.68046875 0.60138889 0.04531250 0.08333333
0 0.28476563 0.72361111 0.01796875 0.04444444
0 0.10117187 0.71388889 0.01171875 0.04444444
0 0.11210937 0.28125000 0.03203125 0.05416667
0 0.08554687 0.28125000 0.02265625 0.04583333
0 0.28085938 0.39513889 0.01171875 0.02361111
0 0.29882812 0.01597222 0.00859375 0.01527778
0 0.29453125 0.37708333 0.02968750 0.07083333
0 0.92851562 0.18680556 0.01640625 0.02916667
0 0.35546875 0.12291667 0.03125000 0.02638889
0 0.31875000 0.42777778 0.01406250 0.02500000
0 0.33710938 0.41111111 0.02421875 0.02500000
0 0.04062500 0.50069444 0.01562500 0.02638889
0 0.01054688 0.48541667 0.02109375 0.04305556
0 0.02460937 0.45763889 0.01796875 0.05138889
1 0.67656250 0.98125000 0.05312500 0.03750000
0 0.19218750 0.16250000 0.01562500 0.02500000
0 0.70156250 0.51180556 0.07500000 0.11527778
0 0.54570312 0.11597222 0.02421875 0.03194444
0 0.64179688 0.51666667 0.07421875 0.12222222
0 0.10156250 0.20763889 0.00625000 0.03194444
0 0.68359375 0.10277778 0.04375000 0.08888889
0 0.60468750 0.15000000 0.00937500 0.01666667
0 0.59218750 0.02708333 0.01875000 0.03472222
0 0.98085937 0.29166667 0.03828125 0.11944444
0 0.16992188 0.10694444 0.01484375 0.01666667
0 0.62382812 0.15694444 0.03515625 0.05833333
0 0.30039063 0.18888889 0.01640625 0.02777778
0 0.10742188 0.31319444 0.03828125 0.03194444
0 0.66835938 0.15208333 0.02578125 0.04027778
0 0.13281250 0.98680556 0.01406250 0.02638889
0 0.10507812 0.74652778 0.01640625 0.03750000
0 0.99062500 0.69166667 0.01875000 0.08888889
0 0.09609375 0.25625000 0.02031250 0.02361111
