0 0.55390625 0.53402778 0.01406250 0.02638889
0 0.40859375 0.77430556 0.01093750 0.01527778
0 0.58125000 0.51041667 0.02031250 0.02916667
1 0.56679687 0.98541667 0.02734375 0.02916667
0 0.51210938 0.84166667 0.01015625 0.02777778
0 0.59570312 0.49722222 0.01640625 0.02777778
0 0.17304687 0.44444444 0.02265625 0.03055556
0 0.22382812 0.60625000 0.00859375 0.01805556
0 0.14414063 0.12152778 0.01015625 0.02083333
0 0.70859375 0.78402778 0.04375000 0.06805556
0 0.53750000 0.41388889 0.01875000 0.02777778
0 0.46484375 0.59236111 0.01093750 0.02361111
0 0.82148438 0.10833333 0.01953125 0.03888889
0 0.52500000 0.39652778 0.00937500 0.01527778
0 0.51914062 0.39097222 0.01328125 0.01250000
0 0.71406250 0.34722222 0.01718750 0.02777778
0 0.47460938 0.59236111 0.01328125 0.02638889
0 0.08906250 0.26180556 0.02500000 0.03750000
0 0.02578125 0.24861111 0.03593750 0.06388889
0 0.08554687 0.10972222 0.01796875 0.03611111
0 0.05273438 0.26875000 0.03515625 0.05416667
0 0.67148438 0.79583333 0.03515625 0.06944444
0 0.15351562 0.13611111 0.00859375 0.01388889
0 0.07890625 0.08888889 0.01718750 0.03611111
0 0.54492188 0.99375000 0.02109375 0.01250000
0 0.05820313 0.48680556 0.02265625 0.03472222
0 0.57890625 0.78680556 0.02187500 0.04583333
0 0.72617188 0.58125000 0.03203125 0.05416667
0 0.77382812 0.59513889 0.01484375 0.03194444
0 0.75039063 0.67638889 0.01328125 0.03888889
0 0.95820313 0.96944444 0.04609375 0.06111111
0 0.69765625 0.38402778 0.02031250 0.02083333
0 0.14687500 0.53055556 0.02187500 0.03333333
0 0.05039063 0.46250000 0.01171875 0.03888889
0 0.77421875 0.14375000 0.01875000 0.02361111
0 0.17539062 0.46041667 0.01484375 0.02361111
0 0.56562500 0.78958333 0.01093750 0.03750000
0 0.06171875 0.46805556 0.01093750 0.01944444
0 0.41250000 0.69861111 0.00937500 0.01666667
