0 0.34296875 0.12847222 0.01562500 0.02361111
0 0.05234375 0.82013889 0.03906250 0.04583333
0 0.47421875 0.56041667 0.05468750 0.09027778
0 0.85429687 0.53472222 0.08515625 0.08055556
0 0.81875000 0.09930556 0.08125000 0.12361111
0 0.78398437 0.05625000 0.04296875 0.11250000
1 0.08945312 0.56319444 0.03671875 0.05694444
0 0.00742187 0.23333333 0.01484375 0.02222222
0 0.63593750 0.25486111 0.00781250 0.02361111
0 0.33085938 0.12777778 0.01015625 0.01944444
0 0.80000000 0.58958333 0.02500000 0.07083333
0 0.32226562 0.13194444 0.01015625 0.01944444
0 0.13515625 0.01041667 0.01562500 0.02083333
0 0.07695312 0.03472222 0.01171875 0.01944444
0 0.52890625 0.09305556 0.03125000 0.05000000
0 0.89570313 0.05694444 0.07578125 0.11388889
0 0.83281250 0.04166667 0.06875000 0.08333333
0 0.26757812 0.38541667 0.03671875 0.05972222
0 0.25820312 0.34722222 0.03515625 0.06111111
0 0.10117187 0.18472222 0.01953125 0.02500000
0 0.93632812 0.53680556 0.09140625 0.13194444
0 0.28945312 0.34444444 0.04296875 0.06944444
0 0.23281250 0.38333333 0.03437500 0.05555556
0 0.25625000 0.57291667 0.02343750 0.06250000
0 0.22187500 0.88680556 0.04687500 0.06527778
0 0.08867187 0.80416667 0.02734375 0.03611111
0 0.42617187 0.50972222 0.05234375 0.09444444
0 0.28554687 0.58402778 0.04296875 0.06527778
0 0.15234375 0.01180556 0.02187500 0.02361111
0 0.06132812 0.59722222 0.03515625 0.05000000
0 0.85742188 0.70347222 0.06640625 0.09305556
0 0.91718750 0.65625000 0.05312500 0.07638889
0 0.49453125 0.11041667 0.03906250 0.07083333
0 0.46484375 0.49097222 0.05937500 0.06527778
0 0.59453125 0.58680556 0.01718750 0.02361111
0 0.01328125 0.64305556 0.02656250 0.05555556
