0 0.65462240 0.82337963 0.06705729 0.11944444
2 0.39811198 0.13379630 0.03919271 0.05972222
2 0.42897135 0.12800926 0.02903646 0.07083333
0 0.60377604 0.15289352 0.01276042 0.02106481
0 0.43964844 0.95358796 0.08450521 0.09282407
0 0.67838542 0.12685185 0.10911458 0.25370370
0 0.55651042 0.37152778 0.03906250 0.04166667
4 0.39654948 0.07974537 0.03320312 0.05486111
0 0.01503906 0.08634259 0.03007813 0.02638889
0 0.30332031 0.21793981 0.02799479 0.04699074
4 0.28457031 0.13379630 0.01315104 0.02500000
4 0.67871094 0.78865741 0.05299479 0.14398148
0 0.12402344 0.46250000 0.10950521 0.10138889
0 0.39055990 0.37199074 0.02773437 0.02592593
2 0.30742188 0.23159722 0.02786458 0.04004630
4 0.61432292 0.15648148 0.01223958 0.02407407
0 0.05410156 0.64791667 0.04674479 0.21111111
2 0.08567708 0.22627315 0.03463542 0.07569444