0 0.23216146 0.29942130 0.08958333 0.15810185
0 0.46608073 0.25763889 0.05976562 0.07916667
0 0.55312500 0.51724537 0.09270833 0.12337963
2 0.26406250 0.17314815 0.12161458 0.22314815
0 0.50039062 0.25115741 0.01067708 0.01620370
0 0.46510417 0.17094907 0.07578125 0.13171296
4 0.58398438 0.61898148 0.12708333 0.20833333
0 0.33339844 0.48101852 0.01601563 0.01851852
0 0.52838542 0.21076389 0.06536458 0.11597222
0 0.00709635 0.20694444 0.01419271 0.06944444
0 0.37154948 0.42939815 0.02643229 0.03796296
0 0.03333333 0.15590278 0.06484375 0.11319444
0 0.19531250 0.33993056 0.12968750 0.21458333
3 0.02428385 0.02870370 0.01627604 0.02731481
0 0.99446615 0.17638889 0.01106771 0.09814815
0 0.48066406 0.64120370 0.10481771 0.18657407
0 0.03457031 0.05358796 0.02721354 0.03958333