3 0.24409722 0.75709635 0.04976852 0.03138021
0 0.26284722 0.99062500 0.04837963 0.01875000
2 0.82557870 0.86660156 0.13726852 0.08398438
0 0.17523148 0.94707031 0.13611111 0.07877604
0 0.43206019 0.03509115 0.11736111 0.07018229
2 0.17372685 0.05748698 0.04699074 0.04361979
2 0.08043981 0.05071615 0.16087963 0.10143229
0 0.30162037 0.77154948 0.11342593 0.05768229
0 0.24699074 0.78932292 0.05740741 0.02760417
0 0.13564815 0.74251302 0.23055556 0.10247396
0 0.25532407 0.95058594 0.03657407 0.03971354
0 0.14965278 0.99388021 0.06967593 0.01223958
0 0.09791667 0.93444010 0.13148148 0.07408854
0 0.21250000 0.97923177 0.10648148 0.03007812
0 0.10856481 0.21178385 0.03194444 0.01783854
0 0.01076389 0.25976562 0.02152778 0.04583333
0 0.42627315 0.47571615 0.10439815 0.06705729
0 0.12106481 0.66399740 0.24212963 0.14726563
0 0.21307870 0.13203125 0.10069444 0.06093750
0 0.03807870 0.31751302 0.07615741 0.07148437
0 0.75081019 0.75273437 0.15763889 0.09088542
0 0.07685185 0.30722656 0.08564815 0.06054688
0 0.61747685 0.33964844 0.15856481 0.08789062
0 0.81863426 0.67161458 0.18217593 0.10104167
0 0.73969907 0.09785156 0.12060185 0.07226562