0 0.71575521 0.39780093 0.08255208 0.09421296
0 0.56087240 0.87048611 0.03997396 0.11273148
0 0.25097656 0.28738426 0.06497396 0.13217593
0 0.31510417 0.26678241 0.06979167 0.07847222
0 0.09075521 0.30057870 0.01145833 0.05208333
4 0.76438802 0.02673611 0.01210937 0.03032407
4 0.98587240 0.72835648 0.02825521 0.08217593
0 0.31503906 0.44513889 0.02669271 0.06111111
0 0.39954427 0.10474537 0.20299479 0.20949074
0 0.42486979 0.55532407 0.05651042 0.07870370
4 0.81295573 0.87881944 0.16028646 0.24236111
0 0.54147135 0.06805556 0.12903646 0.13611111
0 0.35957031 0.39189815 0.10013021 0.18055556
0 0.69244792 0.25844907 0.08932292 0.14606481
4 0.32207031 0.67083333 0.10013021 0.07916667