0 0.01080729 0.03182870 0.02161458 0.06365741
4 0.94817708 0.45659722 0.08880208 0.13912037
0 0.97246094 0.87175926 0.05507812 0.16250000
4 0.60065104 0.57361111 0.10937500 0.16898148
0 0.92688802 0.68217593 0.10039062 0.13842593
4 0.64225260 0.87013889 0.09361979 0.16481481
0 0.23417969 0.66539352 0.10403646 0.18726852
4 0.55390625 0.44745370 0.10364583 0.18518519
0 0.24029948 0.85277778 0.12356771 0.18564815
4 0.32265625 0.71180556 0.12656250 0.19675926
4 0.95520833 0.35787037 0.08958333 0.13287037