0 0.91458333 0.01990741 0.15416667 0.03981481
0 0.98268229 0.83541667 0.03463542 0.18981481
4 0.04277344 0.12210648 0.02513021 0.03680556
0 0.99492187 0.04826389 0.01015625 0.09282407
0 0.54322917 0.76759259 0.01901042 0.06157407
0 0.89778646 0.17523148 0.20442708 0.32916667
0 0.71601563 0.51261574 0.02734375 0.05486111
0 0.03424479 0.89270833 0.06848958 0.21458333
3 0.02656250 0.59375000 0.05312500 0.34305556
0 0.76477865 0.53067130 0.08632813 0.11967593
1 0.11686198 0.70023148 0.20325521 0.45509259