0 0.48692130 0.58281250 0.04837963 0.03619792
3 0.55474537 0.62903646 0.12615741 0.07760417
4 0.04097222 0.17500000 0.01898148 0.00807292
0 0.17222222 0.61139323 0.03750000 0.01132813
4 0.71145833 0.41562500 0.06087963 0.04375000
0 0.95775463 0.72656250 0.08449074 0.09088542
0 0.17847222 0.10462240 0.09444444 0.02695313
0 0.03877315 0.37330729 0.07754630 0.12265625
0 0.05555556 0.62897135 0.11111111 0.04622396
0 0.06099537 0.18059896 0.04976852 0.01536458
0 0.94351852 0.98457031 0.01805556 0.02252604
0 0.20555556 0.93125000 0.05000000 0.01875000
0 0.14444444 0.66770833 0.10925926 0.05312500
0 0.67627315 0.43463542 0.01782407 0.01822917
0 0.98391204 0.64335937 0.03217593 0.04765625
4 0.97581019 0.99414062 0.04837963 0.01171875
0 0.20185185 0.89205729 0.05324074 0.02578125
0 0.55740741 0.57714844 0.09166667 0.04882812
0 0.18344907 0.15169271 0.11828704 0.07343750
0 0.78993056 0.36809896 0.17662037 0.09140625
1 0.78807870 0.46061198 0.17708333 0.10403646
0 0.57673611 0.57714844 0.13032407 0.04882812
0 0.08182870 0.17467448 0.04421296 0.02513021
0 0.21574074 0.91848958 0.05092593 0.03229167
1 0.03738426 0.25716146 0.07476852 0.11796875
0 0.06030093 0.76901042 0.12060185 0.06302083