4 0.78977865 0.90231481 0.11210937 0.17916667
1 0.54055990 0.02395833 0.01393229 0.04560185
0 0.78580729 0.52569444 0.09062500 0.10787037
0 0.75989583 0.36747685 0.06432292 0.14791667
0 0.71028646 0.58622685 0.06666667 0.19467593
0 0.25273438 0.86851852 0.10104167 0.16342593
0 0.21139323 0.81608796 0.09075521 0.13449074
1 0.91582031 0.51678241 0.08164063 0.13078704
3 0.29700521 0.23784722 0.06041667 0.10347222
0 0.57089844 0.40879630 0.06471354 0.12962963
0 0.82148438 0.76863426 0.07994792 0.15810185
0 0.55149740 0.02777778 0.02018229 0.05555556