0 0.78906250 0.43414352 0.18281250 0.29328704
0 0.34667969 0.38518519 0.05664062 0.06759259
0 0.65989583 0.24178241 0.17109375 0.29606481
0 0.07929688 0.40219907 0.06744792 0.07847222
0 0.40436198 0.93750000 0.05065104 0.11527778
0 0.62460937 0.46747685 0.17005208 0.28634259
0 0.40625000 0.50891204 0.06432292 0.12245370
0 0.03867188 0.51006944 0.07734375 0.17615741
0 0.88984375 0.80370370 0.11171875 0.17175926
0 0.38958333 0.43842593 0.03697917 0.05185185
0 0.00579427 0.59548611 0.01158854 0.02152778
0 0.83697917 0.15312500 0.20078125 0.30625000
0 0.11015625 0.48738426 0.03437500 0.09421296
0 0.34752604 0.44293981 0.06458333 0.08726852
0 0.59134115 0.01435185 0.02408854 0.02870370
0 0.91940104 0.65254630 0.11536458 0.19351852
4 0.35488281 0.96990741 0.09778646 0.06018519
3 0.81341146 0.67569444 0.12395833 0.19398148
0 0.00319010 0.04745370 0.00638021 0.05787037
0 0.05208333 0.60000000 0.02239583 0.03425926
0 0.03678385 0.65682870 0.07356771 0.12569444