0 0.30034722 0.58847656 0.04884259 0.03346354
4 0.89444444 0.65136719 0.21111111 0.16184896
4 0.38263889 0.52207031 0.01898148 0.00820312
4 0.16377315 0.06282552 0.01689815 0.02018229
0 0.10208333 0.21842448 0.20416667 0.20638021
0 0.07384259 0.41015625 0.14768519 0.20364583
0 0.24537037 0.95436198 0.14444444 0.09127604
0 0.17511574 0.07740885 0.02708333 0.01210938
0 0.31655093 0.15123698 0.08541667 0.05013021
0 0.37916667 0.55813802 0.04074074 0.01861979
0 0.35451389 0.58574219 0.01550926 0.01289062
0 0.00243056 0.04095052 0.00486111 0.01914063
0 0.04131944 0.10891927 0.05069444 0.01575521