0 0.01328125 0.19710648 0.02656250 0.02939815
0 0.73476562 0.44780093 0.09479167 0.18680556
4 0.86516927 0.90335648 0.16002604 0.19328704
0 0.64967448 0.43379630 0.08710938 0.10972222
0 0.60800781 0.18611111 0.05221354 0.11203704
0 0.70983073 0.16597222 0.13841146 0.16064815
0 0.76783854 0.01435185 0.07526042 0.02870370
0 0.54498698 0.31261574 0.06263021 0.10393519
0 0.74635417 0.86087963 0.10885417 0.20601852
4 0.19921875 0.70439815 0.04609375 0.11712963
0 0.06868490 0.74317130 0.12539063 0.10763889
0 0.20364583 0.13831019 0.00963542 0.02523148
0 0.97278646 0.81921296 0.05416667 0.04490741
4 0.40175781 0.11041667 0.02565104 0.05138889
0 0.06608073 0.52534722 0.04492188 0.12245370
4 0.55019531 0.42210648 0.05872396 0.12939815
0 0.79420573 0.25497685 0.07200521 0.20208333
0 0.20253906 0.84305556 0.06419271 0.18842593