2 0.81230469 0.07916667 0.01575521 0.02962963
0 0.49954427 0.51608796 0.01263021 0.02800926
0 0.15950521 0.60902778 0.08385417 0.10648148
0 0.19908854 0.22430556 0.06432292 0.11990741
0 0.11914062 0.22673611 0.07187500 0.10810185
2 0.21132813 0.00729167 0.01380208 0.01458333
0 0.46998698 0.62997685 0.07929687 0.07152778
0 0.52552083 0.51423611 0.04661458 0.09143519
0 0.77441406 0.64305556 0.02148438 0.02962963
0 0.13072917 0.16041667 0.07812500 0.14027778
0 0.31295573 0.93506944 0.12044271 0.12986111
0 0.50345052 0.66851852 0.07070313 0.07129630
0 0.83398438 0.79988426 0.06953125 0.11458333
0 0.73125000 0.75150463 0.03281250 0.07384259
0 0.02552083 0.70567130 0.05104167 0.06412037
0 0.77897135 0.59930556 0.05351563 0.13981481
0 0.40846354 0.52384259 0.07031250 0.15648148
0 0.75748698 0.75023148 0.07851562 0.08148148
0 0.96471354 0.11250000 0.07057292 0.16759259
0 0.95859375 0.07974537 0.05833333 0.10208333
0 0.97252604 0.21469907 0.05494792 0.07708333
0 0.22180990 0.12268519 0.08085938 0.14629630
0 0.43606771 0.68564815 0.05520833 0.06481481
0 0.47233073 0.57291667 0.07695313 0.13564815
4 0.45266927 0.45138889 0.06132813 0.10416667
4 0.03463542 0.56168981 0.06927083 0.16875000
4 0.72975260 0.57523148 0.09101563 0.15324074