0 0.51134259 0.17128906 0.01018519 0.01367188
0 0.66481481 0.15546875 0.12268519 0.05286458
0 0.18344907 0.28222656 0.01828704 0.01132813
0 0.15648148 0.29244792 0.01759259 0.00885417
5 0.27152778 0.27135417 0.01898148 0.01640625
0 0.61435185 0.11217448 0.12731481 0.07200521
0 0.24224537 0.26328125 0.02800926 0.02109375
0 0.46550926 0.41549479 0.06759259 0.03359375
0 0.08009259 0.32265625 0.05231481 0.02578125
2 0.79930556 0.17330729 0.03194444 0.01901042
0 0.18900463 0.24440104 0.02615741 0.01197917
0 0.94664352 0.17486979 0.03171296 0.01953125
0 0.31655093 0.24003906 0.02615741 0.01497396
0 0.21678241 0.21536458 0.02523148 0.02057292
0 0.92777778 0.07890625 0.02638889 0.01536458
0 0.81296296 0.08020833 0.01111111 0.01640625
0 0.54027778 0.21790365 0.05925926 0.04179688
4 0.62384259 0.41640625 0.08287037 0.04140625
0 0.01365741 0.30618490 0.02731481 0.03632812
3 0.86886574 0.12421875 0.03541667 0.01718750
2 0.54340278 0.38352865 0.13449074 0.06471354
0 0.18761574 0.26367188 0.02106481 0.00677083
0 0.21851852 0.02233073 0.03240741 0.02044271
0 0.70358796 0.41536458 0.08032407 0.04583333
0 0.62986111 0.18964844 0.08240741 0.04830729
0 0.22222222 0.25488281 0.05000000 0.02877604
4 0.52326389 0.30846354 0.02106481 0.02916667
0 0.24976852 0.23808594 0.05092593 0.03085938
0 0.41840278 0.16373698 0.05300926 0.03606771
0 0.75358796 0.10592448 0.13449074 0.07408854
0 0.07557870 0.53014323 0.11180556 0.05664062
2 0.25729167 0.35201823 0.04143519 0.02565104
0 0.05775463 0.62180990 0.07013889 0.03398437