0 0.49629630 0.24121094 0.05000000 0.03450521
0 0.48379630 0.31490885 0.09398148 0.05898438
0 0.40231481 0.60338542 0.13564815 0.08411458
0 0.10358796 0.47988281 0.14884259 0.09257812
0 0.40810185 0.21354167 0.12083333 0.02395833
0 0.53252315 0.36725260 0.11226852 0.07226562
0 0.42986111 0.27832031 0.20972222 0.12539062
0 0.04155093 0.41777344 0.08310185 0.06966146
4 0.25625000 0.27063802 0.21018519 0.13841146
4 0.29236111 0.59029948 0.16620370 0.09700521
2 0.55590278 0.30201823 0.07569444 0.07486979
0 0.01620370 0.76113281 0.03240741 0.08372396
4 0.63807870 0.54283854 0.17708333 0.10182292
0 0.45312500 0.52851563 0.13217593 0.08411458
0 0.01886574 0.48665365 0.03773148 0.07174479
1 0.29826389 0.49680990 0.15532407 0.08450521
2 0.48437500 0.39524740 0.08171296 0.06940104
1 0.34675926 0.39114583 0.23518519 0.12864583