0 0.69830729 0.09930556 0.24713542 0.19861111
4 0.48964844 0.36921296 0.04934896 0.07592593
0 0.88574219 0.05798611 0.06028646 0.11597222
0 0.95839844 0.05798611 0.07643229 0.11597222
0 0.75527344 0.66944444 0.02174479 0.04583333
0 0.82656250 0.67430556 0.02447917 0.03935185
0 0.80651042 0.80300926 0.07421875 0.13379630
0 0.21113281 0.76643519 0.05664062 0.15972222
4 0.74290365 0.90405093 0.11367187 0.19189815
0 0.75390625 0.33067130 0.09791667 0.12939815
0 0.62649740 0.85520833 0.08919271 0.17939815
4 0.29199219 0.60682870 0.07122396 0.04652778