0 0.19153646 0.45925926 0.04010417 0.12638889
2 0.42779948 0.08159722 0.02382812 0.03032407
2 0.39335937 0.17291667 0.03046875 0.05416667
0 0.13880208 0.08298611 0.03385417 0.05162037
3 0.41686198 0.12106481 0.00638021 0.01342593
0 0.68932292 0.56377315 0.11718750 0.22337963
0 0.62688802 0.51759259 0.05898437 0.10231481
0 0.38255208 0.14074074 0.01015625 0.01759259
4 0.58111979 0.11238426 0.01536458 0.01412037
0 0.64752604 0.70659722 0.08385417 0.11875000
0 0.56816406 0.62905093 0.11419271 0.20439815
0 0.00455729 0.48888889 0.00911458 0.02453704
0 0.05677083 0.35162037 0.11354167 0.25370370
0 0.03033854 0.47974537 0.06067708 0.03078704
0 0.82369792 0.67905093 0.14348958 0.23680556
0 0.26946615 0.96157407 0.13372396 0.07685185
4 0.78476563 0.09155093 0.03593750 0.05995370
2 0.79635417 0.13136574 0.03619792 0.06273148
0 0.11315104 0.08171296 0.02812500 0.05277778
3 0.63040365 0.04236111 0.02721354 0.04768519
0 0.43248698 0.11932870 0.02669271 0.04421296
5 0.65618490 0.21030093 0.03216146 0.05486111
0 0.17044271 0.04571759 0.00572917 0.01689815
2 0.03463542 0.18877315 0.06927083 0.10115741
4 0.34134115 0.08738426 0.02695312 0.02245370
4 0.05390625 0.57476852 0.10781250 0.16481481
0 0.51197917 0.63831019 0.01953125 0.10810185
0 0.23229167 0.39803241 0.10468750 0.18310185
0 0.16738281 0.28344907 0.14492187 0.23078704
0 0.32441406 0.84814815 0.10690104 0.16620370
0 0.12246094 0.45011574 0.12617187 0.22569444
0 0.21132813 0.81180556 0.12395833 0.15462963
2 0.30546875 0.20625000 0.06171875 0.12314815
4 0.29472656 0.08935185 0.00898437 0.01342593
3 0.15188802 0.60300926 0.10273437 0.09722222