3 0.39095052 0.86747685 0.17096354 0.26504630
0 0.21835938 0.03217593 0.07083333 0.06435185
4 0.51621094 0.75196759 0.11106771 0.12523148
0 0.02877604 0.72800926 0.05755208 0.16574074
0 0.00976562 0.76284722 0.01953125 0.12569444
4 0.66158854 0.80462963 0.11562500 0.17037037
0 0.15800781 0.08125000 0.02591146 0.02962963
0 0.80553385 0.23472222 0.02539062 0.05648148
4 0.96171875 0.16655093 0.02734375 0.04652778
4 0.97877604 0.74212963 0.04244792 0.16018519
4 0.98854167 0.17094907 0.02291667 0.04606481
0 0.08795573 0.00821759 0.02903646 0.01643519
0 0.13509115 0.09652778 0.02903646 0.04861111
4 0.79199219 0.22696759 0.02877604 0.05393519
0 0.93391927 0.78159722 0.04335937 0.05532407
0 0.16341146 0.10833333 0.02890625 0.04861111
0 0.16946615 0.06979167 0.01575521 0.02569444
0 0.08111979 0.71388889 0.11458333 0.18750000