0 0.55019531 0.38449074 0.03268229 0.06435185
0 0.28678385 0.19965278 0.10559896 0.26597222
0 0.86256510 0.77500000 0.13033854 0.22361111
0 0.94921875 0.89976852 0.10156250 0.20046296
0 0.86523438 0.94456019 0.10338542 0.11087963
0 0.97011719 0.51319444 0.05976563 0.14768519
0 0.58144531 0.38425926 0.04466146 0.04583333
0 0.94244792 0.09074074 0.11510417 0.18148148
0 0.95644531 0.30069444 0.08710938 0.26342593
0 0.83899740 0.21203704 0.16523438 0.25092593
4 0.55299479 0.23738426 0.02942708 0.09745370