0 0.04596354 0.64884259 0.09192708 0.15462963
0 0.01145833 0.60787037 0.02291667 0.04953704
0 0.16171875 0.69386574 0.04895833 0.07800926
0 0.46269531 0.29386574 0.16210937 0.25902778
0 0.89980469 0.63900463 0.09257812 0.15717593
4 0.55800781 0.64016204 0.08398438 0.13032407
0 0.77760417 0.02430556 0.08515625 0.04861111
0 0.95449219 0.74953704 0.09101563 0.10092593
0 0.55507812 0.19004630 0.11432292 0.22175926
4 0.43079427 0.66006944 0.06054688 0.10023148
1 0.65546875 0.25324074 0.03229167 0.05555556
0 0.95462240 0.57256944 0.07617188 0.09652778
0 0.42506510 0.09918981 0.13268229 0.19837963
4 0.13092448 0.58900463 0.09596354 0.14791667