0 0.46699219 0.04444444 0.01080729 0.01620370
4 0.64101563 0.62685185 0.17421875 0.33055556
0 0.82324219 0.17719907 0.03216146 0.05439815
0 0.51972656 0.76643519 0.15820313 0.26481481
2 0.21197917 0.62951389 0.09010417 0.09236111
4 0.52480469 0.48368056 0.05950521 0.11875000
0 0.92031250 0.67858796 0.08515625 0.09004630
0 0.93001302 0.08194444 0.03294271 0.05046296
0 0.08144531 0.01145833 0.02382812 0.02291667
0 0.57669271 0.10486111 0.02057292 0.08981481
0 0.95026042 0.55578704 0.07031250 0.09768519
0 0.17044271 0.18171296 0.03203125 0.05601852
0 0.37343750 0.10046296 0.02682292 0.01712963
2 0.58932292 0.53587963 0.12656250 0.20231481
0 0.88789063 0.08622685 0.01458333 0.05208333
3 0.04303385 0.00879630 0.03424479 0.01759259
0 0.47376302 0.50266204 0.06914062 0.12199074