0 0.68671875 0.87708333 0.07031250 0.11250000
4 0.72988281 0.95763889 0.16497396 0.08472222
0 0.75585938 0.89826389 0.03828125 0.04467593
0 0.68294271 0.79351852 0.06614583 0.09166667
0 0.39388021 0.26562500 0.16145833 0.29143519
0 0.70299479 0.54189815 0.05468750 0.10925926
0 0.59837240 0.53750000 0.07851562 0.14351852
0 0.43391927 0.98333333 0.05794271 0.03333333
0 0.14563802 0.45532407 0.01731771 0.06805556
0 0.63899740 0.64212963 0.07877604 0.11620370
0 0.90156250 0.63634259 0.08828125 0.13842593
0 0.25690104 0.45520833 0.02369792 0.02986111
2 0.92936198 0.57673611 0.08867188 0.14097222
0 0.63782552 0.44282407 0.07617188 0.11342593
0 0.55696615 0.44479167 0.08919271 0.16550926
0 0.65651042 0.37083333 0.03802083 0.05925926
0 0.82096354 0.04085648 0.01953125 0.04837963
4 0.86022135 0.85196759 0.17174479 0.29606481
0 0.21809896 0.65532407 0.08281250 0.12824074
0 0.00533854 0.09085648 0.01067708 0.02245370
0 0.13867188 0.02268519 0.02630208 0.04537037
0 0.01009115 0.97916667 0.02018229 0.04166667
0 0.49537760 0.35960648 0.10299479 0.21689815
0 0.82324219 0.07430556 0.01341146 0.03564815
3 0.13365885 0.98553241 0.05716146 0.02893519
0 0.25188802 0.42094907 0.01419271 0.05671296
0 0.04322917 0.13275463 0.01953125 0.03495370
3 0.48014323 0.48692130 0.01966146 0.04143519
0 0.01907552 0.88090278 0.03815104 0.13125000
0 0.15182292 0.56655093 0.07942708 0.15763889
0 0.53587240 0.15046296 0.15820312 0.30092593
0 0.31738281 0.38622685 0.13346354 0.24560185
0 0.05540365 0.98182870 0.07539062 0.03634259
0 0.02747396 0.14155093 0.01979167 0.02615741
0 0.02259115 0.07824074 0.02903646 0.04444444
0 0.42395833 0.46979167 0.10468750 0.16643519
0 0.42656250 0.92013889 0.07630208 0.11990741
0 0.07949219 0.88692130 0.09075521 0.15810185
0 0.25651042 0.52789352 0.05859375 0.15300926