4 0.01171875 0.08865741 0.02343750 0.11203704
0 0.88320313 0.66307870 0.15052083 0.22291667
0 0.33899740 0.17592593 0.06289062 0.10416667
0 0.98138021 0.47199074 0.03723958 0.12731481
4 0.90091146 0.42893519 0.18437500 0.29768519
0 0.31582031 0.28391204 0.07174479 0.07384259
1 0.75169271 0.51261574 0.13541667 0.23634259
3 0.08483073 0.69201389 0.11184896 0.21365741
0 0.76145833 0.73530093 0.12656250 0.20995370
0 0.04055990 0.85081019 0.08111979 0.21689815
0 0.98164063 0.32650463 0.03671875 0.04976852