0 0.56087963 0.09596354 0.08333333 0.07057292
0 0.54537037 0.13743490 0.08055556 0.05013021
3 0.34212963 0.54641927 0.29398148 0.14674479
4 0.52685185 0.04095052 0.07175926 0.08190104
0 0.25763889 0.76380208 0.26064815 0.15156250
0 0.48495370 0.37350260 0.10509259 0.06054688
0 0.43159722 0.05963542 0.17476852 0.11927083
0 0.48483796 0.10917969 0.05902778 0.04492188
0 0.61562500 0.57102865 0.28078704 0.15429688
0 0.39004630 0.79036458 0.02546296 0.03072917
0 0.45057870 0.65286458 0.10578704 0.10078125
0 0.30648148 0.91679687 0.25648148 0.15859375
0 0.93356481 0.16438802 0.13287037 0.13424479
0 0.61006944 0.71829427 0.26550926 0.15013021
3 0.07870370 0.50136719 0.15740741 0.08294271
0 0.15173611 0.20221354 0.30347222 0.19921875
0 0.02881944 0.04088542 0.05763889 0.08177083
0 0.28449074 0.13964844 0.06296296 0.02460937
0 0.07916667 0.02884115 0.07824074 0.05768229
0 0.71793981 0.66608073 0.19375000 0.12044271
0 0.48043981 0.43717448 0.10856481 0.07122396
0 0.59097222 0.04257813 0.04814815 0.03046875
4 0.39328704 0.41269531 0.12546296 0.06705729
0 0.25127315 0.06595052 0.28865741 0.13190104