0 0.44085648 0.62714844 0.22893519 0.12174479
4 0.26539352 0.66386719 0.07013889 0.02408854
0 0.29247685 0.59537760 0.17893519 0.11966146
4 0.11412037 0.81614583 0.12685185 0.06250000
0 0.12604167 0.25924479 0.08912037 0.05833333
0 0.01921296 0.15169271 0.03842593 0.01901042
0 0.14166667 0.88177083 0.08055556 0.03020833
0 0.35509259 0.51236979 0.16666667 0.09322917
0 0.06493056 0.04108073 0.07060185 0.05091146
0 0.06365741 0.09342448 0.08888889 0.06263021
0 0.84861111 0.79134115 0.17037037 0.09518229
0 0.48530093 0.79440104 0.06921296 0.06562500
5 0.05057870 0.23196615 0.10115741 0.06236979
3 0.71701389 0.95970052 0.14699074 0.08059896
3 0.43333333 0.75286458 0.10694444 0.04062500