1 0.42727865 0.07986111 0.02174479 0.01296296
0 0.87597656 0.26550926 0.02617187 0.04722222
4 0.93606771 0.21712963 0.09661458 0.12824074
1 0.49739583 0.08854167 0.05208333 0.08680556
1 0.62760417 0.57893519 0.14869792 0.26388889
3 0.92207031 0.30520833 0.09726563 0.16273148
3 0.21614583 0.09525463 0.12890625 0.18680556
0 0.16100260 0.13321759 0.07929688 0.15115741
0 0.54342448 0.40833333 0.09934896 0.18425926
4 0.47252604 0.53495370 0.16302083 0.24583333
0 0.84895833 0.25972222 0.07161458 0.05462963
0 0.44049479 0.73946759 0.15338542 0.26828704
0 0.57428385 0.78993056 0.13450521 0.23078704
0 0.30462240 0.01053241 0.03554687 0.02106481
0 0.50787760 0.13136574 0.03242187 0.02291667
0 0.85481771 0.18437500 0.02473958 0.02893519