2 0.41829427 0.34236111 0.07486979 0.09166667
3 0.07643229 0.09421296 0.07734375 0.13379630
3 0.20852865 0.97557870 0.08971354 0.04884259
0 0.13613281 0.16388889 0.06315104 0.09027778
3 0.55911458 0.71307870 0.12031250 0.18449074
0 0.54524740 0.57939815 0.09179688 0.13518519
0 0.59746094 0.60879630 0.01601562 0.07638889
0 0.16855469 0.11064815 0.01471354 0.05879630
0 0.59765625 0.20717593 0.05364583 0.10277778
0 0.95781250 0.12997685 0.07734375 0.09791667
0 0.63730469 0.59953704 0.07695312 0.17407407
0 0.41250000 0.16770833 0.04114583 0.06736111
0 0.35006510 0.09837963 0.12669271 0.19675926
0 0.54446615 0.14918981 0.06914062 0.18032407