0 0.59108073 0.37858796 0.12044271 0.15300926
3 0.72298177 0.83611111 0.09049479 0.14861111
0 0.95123698 0.84062500 0.09752604 0.15532407
0 0.27656250 0.94398148 0.07968750 0.11203704
0 0.59108073 0.51134259 0.12070313 0.21481481
4 0.82975260 0.69699074 0.11679688 0.17777778
4 0.37363281 0.92581019 0.12252604 0.14837963
4 0.92513021 0.52997685 0.09973958 0.15856481
0 0.08470052 0.19513889 0.03268229 0.06527778
0 0.43769531 0.33101852 0.04778646 0.10046296
0 0.51510417 0.55428241 0.08828125 0.17800926
0 0.44166667 0.30150463 0.03098958 0.04004630
4 0.93170573 0.71782407 0.11002604 0.17731481
0 0.93847656 0.42766204 0.09882813 0.14282407