0 0.06226852 0.42701823 0.12453704 0.15429688
0 0.99097222 0.38476562 0.01805556 0.03932292
3 0.08680556 0.06666667 0.17361111 0.13333333
2 0.56562500 0.79505208 0.22847222 0.14687500
0 0.32118056 0.07096354 0.30625000 0.14192708
0 0.19386574 0.16966146 0.19143519 0.12552083
0 0.89953704 0.45716146 0.20092593 0.12031250
4 0.37777778 0.30716146 0.06111111 0.03854167
0 0.30983796 0.22949219 0.28495370 0.15247396
0 0.41481481 0.12981771 0.21157407 0.13958333
0 0.03726852 0.27949219 0.07453704 0.14596354