1 0.84178241 0.04016927 0.14652778 0.08033854
2 0.34351852 0.64622396 0.10879630 0.06979167
0 0.35995370 0.51178385 0.09537037 0.06783854
0 0.28414352 0.51914062 0.14652778 0.08046875
2 0.43171296 0.55839844 0.09305556 0.07929687
2 0.71701389 0.08665365 0.17986111 0.09257812
1 0.19467593 0.86171875 0.24351852 0.12864583
0 0.67986111 0.02903646 0.08796296 0.05807292
0 0.25567130 0.57578125 0.09143519 0.07187500
4 0.50694444 0.90175781 0.17962963 0.11236979
0 0.95185185 0.34824219 0.09629630 0.08606771
0 0.01875000 0.83632812 0.03750000 0.06562500
0 0.27349537 0.92291667 0.14282407 0.08645833
4 0.14062500 0.91315104 0.12615741 0.05442708
0 0.27314815 0.77187500 0.21759259 0.13203125
0 0.35034722 0.83710938 0.08634259 0.08645833
0 0.41516204 0.63209635 0.11412037 0.07226562
0 0.35358796 0.57994792 0.12291667 0.07343750
4 0.12094907 0.72688802 0.24189815 0.13554688