0 0.47506510 0.34583333 0.09934896 0.32037037
4 0.25944010 0.15034722 0.08893229 0.16134259
0 0.37649740 0.07222222 0.18606771 0.14444444
0 0.47018229 0.14328704 0.02473958 0.07824074
0 0.37825521 0.29618056 0.16744792 0.33726852
0 0.18027344 0.48391204 0.10559896 0.16134259
0 0.17122396 0.66493056 0.11223958 0.20439815
3 0.84524740 0.71504630 0.13997396 0.24166667
0 0.71471354 0.73715278 0.10703125 0.21087963
3 0.77115885 0.86817130 0.14778646 0.24236111
4 0.19075521 0.23043981 0.09921875 0.15671296