3 0.72060185 0.31054688 0.06435185 0.04192708
0 0.89282407 0.28294271 0.11990741 0.06614583
0 0.29560185 0.54016927 0.18009259 0.06002604
0 0.63530093 0.27864583 0.13356481 0.07265625
0 0.52916667 0.30364583 0.08564815 0.07187500
0 0.38912037 0.43678385 0.06342593 0.03268229
0 0.89328704 0.23125000 0.11805556 0.04739583
0 0.94467593 0.29296875 0.07314815 0.04739583
0 0.54884259 0.95878906 0.14305556 0.08242187
0 0.76840278 0.26998698 0.13125000 0.07018229
0 0.86712963 0.18964844 0.11111111 0.06783854
3 0.80208333 0.71197917 0.13611111 0.07291667
0 0.55185185 0.39492187 0.06851852 0.04843750
0 0.34768519 0.43945312 0.13842593 0.07447917
0 0.74733796 0.66901042 0.05949074 0.02656250
0 0.55833333 0.33424479 0.09212963 0.07812500
3 0.65381944 0.48750000 0.09421296 0.03177083