4 0.55045573 0.86666667 0.12799479 0.21296296
1 0.94772135 0.51643519 0.10455729 0.17916667
0 0.13932292 0.61886574 0.08046875 0.14097222
0 0.33033854 0.41608796 0.14583333 0.24421296
0 0.19055990 0.36712963 0.15325521 0.26250000
0 0.07200521 0.02766204 0.05833333 0.05532407
0 0.42246094 0.01840278 0.01731771 0.03680556
0 0.21321615 0.16412037 0.16393229 0.24351852
0 0.09921875 0.54733796 0.04635417 0.11226852
0 0.36588542 0.23182870 0.13619792 0.25393519
0 0.63509115 0.74305556 0.11523438 0.20185185
1 0.35084635 0.05462963 0.02018229 0.04259259