0 0.65763889 0.00273437 0.02453704 0.00546875
0 0.76516204 0.07910156 0.03356481 0.02486979
0 0.06736111 0.49609375 0.07083333 0.04192708
0 0.60266204 0.16497396 0.01921296 0.00963542
0 0.07141204 0.55364583 0.09976852 0.05677083
4 0.01018519 0.56230469 0.02037037 0.05091146
4 0.04016204 0.29791667 0.04189815 0.02031250
0 0.02094907 0.17669271 0.03125000 0.01770833
0 0.65636574 0.07089844 0.01504630 0.01002604
0 0.66377315 0.07825521 0.01458333 0.00937500
4 0.85439815 0.05455729 0.04027778 0.03020833
2 0.86087963 0.15052083 0.03750000 0.02734375
0 0.89872685 0.04960937 0.03726852 0.02734375
0 0.00856481 0.21516927 0.01712963 0.03372396
4 0.67268519 0.02897135 0.03379630 0.02200521
0 0.08865741 0.25384115 0.03055556 0.02174479
4 0.46458333 0.01393229 0.02546296 0.01484375
4 0.04143519 0.37207031 0.08287037 0.03658854
4 0.44930556 0.01093750 0.02037037 0.01484375
2 0.63958333 0.09166667 0.03564815 0.01953125