0 0.16914062 0.53784722 0.03489583 0.13125000
0 0.57356771 0.75023148 0.05052083 0.16805556
0 0.82897135 0.03252315 0.12460937 0.06504630
0 0.56145833 0.07766204 0.06979167 0.15532407
0 0.72011719 0.04085648 0.11184896 0.08171296
0 0.62714844 0.38599537 0.02174479 0.05810185
0 0.87180990 0.96736111 0.09778646 0.06527778
0 0.18821615 0.16435185 0.06263021 0.11898148
0 0.23932292 0.08078704 0.06770833 0.08796296
0 0.23177083 0.24189815 0.03255208 0.03611111
0 0.63632813 0.15289352 0.13776042 0.19375000