0 0.07708333 0.41067708 0.12777778 0.07968750
0 0.01851852 0.39140625 0.03703704 0.06432292
0 0.10439815 0.57682292 0.13750000 0.07057292
0 0.44560185 0.31829427 0.09583333 0.06679687
0 0.14837963 0.61471354 0.02037037 0.01328125
0 0.12233796 0.64694010 0.06041667 0.05377604
5 0.43275463 0.45970052 0.10532407 0.05638021
0 0.37615741 0.34381510 0.10879630 0.06080729
0 0.06053241 0.47265625 0.11689815 0.07265625
0 0.02627315 0.56295573 0.05254630 0.02565104
4 0.66504630 0.93020833 0.10000000 0.06041667
0 0.51122685 0.49498698 0.09143519 0.05898438
0 0.56643519 0.06380208 0.08935185 0.04583333
0 0.43645833 0.24635417 0.10254630 0.06041667