0 0.28321759 0.83645833 0.07569444 0.04427083
0 0.10659722 0.60423177 0.07569444 0.05247396
4 0.42060185 0.35253906 0.13333333 0.08059896
0 0.96481481 0.38984375 0.07037037 0.06380208
0 0.95300926 0.45735677 0.09398148 0.07356771
0 0.47546296 0.37786458 0.02592593 0.01432292
4 0.57060185 0.55696615 0.09120370 0.05768229
3 0.18275463 0.60501302 0.10949074 0.06419271
0 0.39166667 0.38072917 0.10509259 0.05234375
0 0.20486111 0.52656250 0.09074074 0.05703125
0 0.00972222 0.33059896 0.01944444 0.05234375
0 0.49756944 0.56731771 0.04328704 0.04765625
1 0.43923611 0.29121094 0.12800926 0.05716146
4 0.13252315 0.50598958 0.10625000 0.06432292
0 0.60462963 0.36100260 0.08240741 0.05273438