1 0.63033854 0.61631944 0.06171875 0.15023148
0 0.43580729 0.48020833 0.06692708 0.13078704
4 0.54622396 0.44791667 0.17552083 0.23842593
0 0.03391927 0.59513889 0.06783854 0.09212963
0 0.94583333 0.05034722 0.09088542 0.10069444
0 0.01399740 0.45381944 0.02799479 0.03958333
0 0.19427083 0.17673611 0.03177083 0.08773148
0 0.40768229 0.70787037 0.03463542 0.06851852
0 0.43294271 0.60844907 0.07760417 0.22060185
0 0.37408854 0.73252315 0.03437500 0.08217593
4 0.53613281 0.26203704 0.05221354 0.04444444
0 0.38196615 0.79745370 0.04127604 0.05000000