0 0.38900463 0.14427083 0.04745370 0.02994792
0 0.62083333 0.98372396 0.11666667 0.03255208
0 0.54398148 0.15839844 0.15092593 0.08867187
4 0.31736111 0.62148438 0.09722222 0.07161458
3 0.55289352 0.43346354 0.12106481 0.06822917
0 0.32986111 0.05345052 0.05324074 0.02695313
3 0.37824074 0.11080729 0.02962963 0.03958333
3 0.66469907 0.45097656 0.11921296 0.06966146
1 0.71701389 0.99166667 0.09467593 0.01666667
0 0.63252315 0.36679688 0.11226852 0.06692708
0 0.94085648 0.82356771 0.11828704 0.09192708
0 0.71168981 0.39550781 0.09467593 0.04960937
4 0.43969907 0.62799479 0.19884259 0.08411458
4 0.99143519 0.83782552 0.01712963 0.03424479
0 0.48240741 0.99368490 0.09722222 0.01263021
0 0.45474537 0.50084635 0.15578704 0.07877604
4 0.53842593 0.08958333 0.17407407 0.09166667
0 0.33645833 0.61393229 0.04745370 0.06796875
0 0.56516204 0.56673177 0.16458333 0.09153646
4 0.59340278 0.49505208 0.08865741 0.06744792
0 0.67650463 0.12519531 0.13402778 0.08997396