4 0.26863426 0.65807292 0.12523148 0.07786458
4 0.57106481 0.41471354 0.26851852 0.13750000
0 0.37500000 0.90345052 0.09027778 0.06575521
0 0.43645833 0.42981771 0.09930556 0.08359375
0 0.42430556 0.05319010 0.17453704 0.10638021
2 0.40405093 0.41770833 0.05300926 0.08880208
3 0.02627315 0.44296875 0.05254630 0.08229167
0 0.68067130 0.31217448 0.21458333 0.08528646
4 0.32407407 0.88255208 0.06250000 0.06197917
0 0.56817130 0.49264323 0.21273148 0.05664063
0 0.50162037 0.34798177 0.15555556 0.06263021
2 0.74409722 0.40963542 0.18819444 0.12916667
0 0.45694444 0.53821615 0.11296296 0.07851563
0 0.45995370 0.64251302 0.12453704 0.08242187