4 0.61399740 0.50115741 0.02565104 0.09398148
0 0.22324219 0.81493056 0.06184896 0.08587963
2 0.48118490 0.03217593 0.09179688 0.06435185
0 0.39381510 0.37256944 0.05091146 0.08402778
0 0.35481771 0.32361111 0.05104167 0.09351852
0 0.46731771 0.15787037 0.08307292 0.15138889
4 0.80143229 0.95891204 0.07760417 0.08217593
0 0.40455729 0.17384259 0.07265625 0.13287037
0 0.47324219 0.12511574 0.08632812 0.13032407
4 0.66575521 0.52974537 0.07968750 0.12800926
0 0.39941406 0.28356481 0.05429688 0.08935185
0 0.59511719 0.58020833 0.06940104 0.12337963
0 0.36627604 0.38402778 0.02005208 0.03981481
0 0.36015625 0.22939815 0.05572917 0.10370370