0 0.39456019 0.93763021 0.03541667 0.02552083
2 0.47037037 0.86868490 0.14768519 0.08841146
0 0.68101852 0.31380208 0.16342593 0.08671875
0 0.24027778 0.65013021 0.22037037 0.12083333
0 0.56678241 0.51113281 0.12199074 0.08528646
1 0.27094907 0.78020833 0.21041667 0.14427083
0 0.36516204 0.81113281 0.06365741 0.05377604
0 0.87407407 0.11035156 0.14166667 0.08893229
4 0.72939815 0.22786458 0.16064815 0.10286458
0 0.60520833 0.23352865 0.12060185 0.09388021
2 0.34131944 0.89042969 0.13773148 0.07929687
0 0.37453704 0.97194010 0.12870370 0.05611979
2 0.45902778 0.52428385 0.20972222 0.09960938
0 0.35763889 0.53385417 0.08518519 0.06770833
0 0.41018519 0.70885417 0.24027778 0.13854167
0 0.35613426 0.02845052 0.23773148 0.05690104
0 0.44120370 0.63118490 0.18981481 0.09075521
0 0.46168981 0.45403646 0.11736111 0.04765625
0 0.46192130 0.81705729 0.05254630 0.02500000
2 0.13055556 0.03352865 0.25972222 0.06705729