0 0.42673611 0.89726562 0.16875000 0.11145833
0 0.63055556 0.52773437 0.12129630 0.07265625
4 0.60439815 0.65286458 0.09583333 0.07395833
0 0.04849537 0.44980469 0.06226852 0.03346354
0 0.72870370 0.56035156 0.08657407 0.06861979
0 0.06909722 0.42115885 0.09375000 0.05768229
0 0.48541667 0.79101562 0.17592593 0.09869792
3 0.54976852 0.58938802 0.12824074 0.07148438
3 0.67731481 0.62018229 0.12731481 0.07578125
0 0.62060185 0.86236979 0.19259259 0.09687500
3 0.02685185 0.39941406 0.05370370 0.05638021
4 0.34907407 0.83528646 0.13888889 0.08359375
0 0.24050926 0.17760417 0.07268519 0.04375000
0 0.31273148 0.26555990 0.07453704 0.04544271
4 0.50150463 0.28216146 0.19050926 0.10468750
0 0.51863426 0.36471354 0.17060185 0.09661458
0 0.65902778 0.31927083 0.15416667 0.09583333
4 0.47847222 0.94531250 0.19444444 0.10937500