0 0.63092448 0.61655093 0.03085938 0.03587963
2 0.27376302 0.17627315 0.00585938 0.00671296
0 0.40078125 0.93599537 0.05468750 0.07060185
0 0.60865885 0.11006944 0.01002604 0.00995370
0 0.26067708 0.32719907 0.02395833 0.03495370
0 0.53177083 0.14293981 0.05312500 0.07800926
0 0.42643229 0.95000000 0.04322917 0.10000000
2 0.23736979 0.26562500 0.00807292 0.01828704
0 0.26250000 0.26724537 0.01171875 0.02569444
0 0.27708333 0.68009259 0.03593750 0.05324074
0 0.28717448 0.32986111 0.02200521 0.03703704
0 0.45214844 0.29745370 0.00924479 0.00833333
0 0.46354167 0.03587963 0.01041667 0.01574074
0 0.39570312 0.03414352 0.01536458 0.03449074
0 0.38854167 0.01226852 0.01041667 0.01481481
0 0.50110677 0.55775463 0.05872396 0.12430556
0 0.15397135 0.96875000 0.02174479 0.03101852
0 0.26139323 0.66145833 0.01393229 0.01458333
0 0.63502604 0.56157407 0.02994792 0.02222222
0 0.77584635 0.33020833 0.01940104 0.02523148
0 0.64485677 0.50833333 0.03216146 0.06111111
3 0.98769531 0.50104167 0.01132813 0.03726852
5 0.20097656 0.48032407 0.00533854 0.00740741
4 0.38912760 0.55428241 0.00611979 0.01365741
0 0.59804688 0.81875000 0.02890625 0.05092593
0 0.68912760 0.37037037 0.02825521 0.05277778
0 0.69921875 0.00567130 0.01406250 0.01134259
0 0.84055990 0.34965278 0.00585938 0.02430556
0 0.90794271 0.04768519 0.03619792 0.05509259
0 0.92024740 0.36076389 0.02304688 0.03958333
0 0.27552083 0.05011574 0.01171875 0.05254630
0 0.94368490 0.37696759 0.02695313 0.04004630
0 0.72272135 0.67673611 0.03658854 0.04745370
0 0.62180990 0.54328704 0.00924479 0.02777778
0 0.72584635 0.69085648 0.04205729 0.03171296
0 0.62669271 0.57465278 0.02161458 0.03819444
0 0.22369792 0.04375000 0.00442708 0.02361111
0 0.26907552 0.21493056 0.01497396 0.04050926
5 0.60559896 0.09479167 0.01953125 0.02708333
2 0.36451823 0.19803241 0.01263021 0.03217593
0 0.45449219 0.35960648 0.01210938 0.04421296
0 0.59746094 0.07962963 0.00924479 0.01250000
0 0.72805990 0.01817130 0.01888021 0.03634259
0 0.30371094 0.22233796 0.03268229 0.04236111
0 0.88300781 0.02511574 0.04570313 0.05023148
0 0.29993490 0.00729167 0.00820312 0.01365741
0 0.67812500 0.60219907 0.03697917 0.08541667
0 0.93717448 0.02418981 0.03632812 0.04837963
0 0.87669271 0.41041667 0.01458333 0.02500000
5 0.94707031 0.27997685 0.01653646 0.03402778
2 0.60904948 0.07384259 0.00638021 0.01388889
0 0.72031250 0.34270833 0.01796875 0.04375000
0 0.49075521 0.23263889 0.01093750 0.03009259
0 0.50351563 0.21099537 0.03307292 0.04791667
0 0.67278646 0.31597222 0.04479167 0.08240741
0 0.82571615 0.42268519 0.01601562 0.03981481
0 0.22669271 0.27361111 0.02187500 0.02685185
0 0.23938802 0.15520833 0.01210938 0.03958333
0 0.21562500 0.29988426 0.05104167 0.03680556
0 0.50097656 0.14456019 0.02278646 0.08726852
0 0.78600260 0.39837963 0.01497396 0.03518519
0 0.78196615 0.42280093 0.01497396 0.01412037
0 0.96015625 0.29525463 0.02708333 0.04189815
0 0.52102865 0.06932870 0.05195312 0.07939815