0 0.03611111 0.79394531 0.03379630 0.02669271
0 0.08425926 0.57747396 0.08842593 0.04166667
0 0.84108796 0.08496094 0.14976852 0.08867188
2 0.03217593 0.90729167 0.05324074 0.02968750
0 0.48055556 0.37207031 0.12175926 0.06601563
0 0.01678241 0.69414062 0.03356481 0.01692708
0 0.02638889 0.69941406 0.02685185 0.02018229
0 0.42534722 0.03763021 0.15393519 0.07526042
0 0.58402778 0.04596354 0.17407407 0.09192708
0 0.94687500 0.74960938 0.10625000 0.10572917
4 0.06412037 0.64361979 0.05092593 0.01796875
0 0.00486111 0.75026042 0.00972222 0.02213542
3 0.46180556 0.86204427 0.22546296 0.13528646
2 0.62523148 0.76399740 0.24444444 0.14049479
2 0.02337963 0.93483073 0.02500000 0.02539062
0 0.66863426 0.90084635 0.20625000 0.13372396
0 0.59548611 0.32714844 0.13310185 0.07877604
0 0.53599537 0.37636719 0.06504630 0.03085937
0 0.54594907 0.96289062 0.02106481 0.01927083
0 0.57824074 0.98164063 0.09861111 0.03671875
0 0.47048611 0.96562500 0.13819444 0.06875000
0 0.43912037 0.98938802 0.08981481 0.02122396
0 0.46527778 0.38339844 0.08009259 0.04049479
3 0.37175926 0.97324219 0.06620370 0.02096354
4 0.87557870 0.79010417 0.16643519 0.09479167
4 0.85011574 0.19257812 0.14421296 0.08437500
4 0.46921296 0.12154948 0.21018519 0.12486979
0 0.93402778 0.11985677 0.11481481 0.08945312
0 0.83263889 0.15364583 0.11435185 0.05130208
0 0.13900463 0.83365885 0.03680556 0.03111979
2 0.11064815 0.42500000 0.02824074 0.01354167
2 0.11064815 0.18561198 0.04074074 0.01419271
2 0.72812500 0.13567708 0.12199074 0.07760417