0 0.83736979 0.61087963 0.08515625 0.13842593
0 0.44980469 0.67708333 0.13268229 0.19074074
0 0.52623698 0.55347222 0.09231771 0.16851852
0 0.40247396 0.57071759 0.07317708 0.09699074
0 0.00748698 0.03935185 0.01497396 0.06157407
0 0.65000000 0.01018519 0.03098958 0.02037037
0 0.83574219 0.39791667 0.01028646 0.03750000
0 0.25670573 0.36215278 0.08789062 0.14236111
0 0.73326823 0.59699074 0.09283854 0.11250000
0 0.81510417 0.36817130 0.03906250 0.10115741
2 0.50944010 0.08252315 0.06158854 0.09930556
3 0.08919271 0.55081019 0.07057292 0.10208333
4 0.25273438 0.26585648 0.08567708 0.10486111
4 0.52832031 0.05081019 0.08945312 0.10162037
0 0.04778646 0.16666667 0.09244792 0.19861111
0 0.46647135 0.53865741 0.03710938 0.03425926
0 0.44537760 0.05590278 0.06940104 0.11180556
4 0.74472656 0.74444444 0.10742188 0.18611111