0 0.20182292 0.19687500 0.06458333 0.10995370
0 0.18203125 0.04918981 0.08645833 0.09837963
0 0.24394531 0.25868056 0.06315104 0.10208333
0 0.47050781 0.53657407 0.08320312 0.14074074
0 0.24394531 0.04675926 0.10794271 0.09351852
0 0.26966146 0.15046296 0.06692708 0.11203704
0 0.03548177 0.74814815 0.07096354 0.09722222
0 0.26842448 0.23472222 0.01705729 0.05416667
0 0.21002604 0.11724537 0.07109375 0.05902778
4 0.54303385 0.48645833 0.09986979 0.15439815
3 0.67480469 0.99155093 0.04648437 0.01689815
0 0.31236979 0.03530093 0.05755208 0.07060185
4 0.53242188 0.40254630 0.09010417 0.09861111