0 0.15234375 0.59699074 0.10598958 0.14907407
3 0.98098958 0.04976852 0.03151042 0.03564815
0 0.19850260 0.59259259 0.05221354 0.14398148
3 0.49993490 0.33032407 0.03059896 0.05833333
0 0.37734375 0.04386574 0.05729167 0.08773148
2 0.43177083 0.11006944 0.02630208 0.06226852
0 0.33020833 0.09131944 0.06093750 0.09004630
0 0.53925781 0.85370370 0.04335937 0.07824074
4 0.05201823 0.57997685 0.08476563 0.17106481
0 0.11217448 0.01018519 0.01705729 0.02037037
0 0.32194010 0.01921296 0.05585937 0.03842593
0 0.40709635 0.11782407 0.02408854 0.05879630
4 0.38828125 0.08645833 0.03229167 0.04375000
1 0.46302083 0.14050926 0.03828125 0.05092593
0 0.01341146 0.56041667 0.02682292 0.18425926
0 0.13125000 0.01365741 0.03463542 0.02731481
0 0.11048177 0.67708333 0.08059896 0.11342593
0 0.83938802 0.05613426 0.02330729 0.02476852
0 0.72350260 0.45358796 0.01002604 0.01643519
0 0.56210938 0.05381944 0.03463542 0.05763889
3 0.85462240 0.11898148 0.01132812 0.01296296