0 0.55533854 0.02696759 0.04479167 0.02291667
0 0.55716146 0.04641204 0.03854167 0.02754630
3 0.39557292 0.26400463 0.02005208 0.01967593
0 0.84121094 0.08483796 0.04309896 0.02245370
0 0.85683594 0.03958333 0.10299479 0.07916667
0 0.64733073 0.51828704 0.03111979 0.01759259
0 0.79277344 0.56134259 0.11236979 0.20231481
0 0.54407552 0.01481481 0.09231771 0.02962963
0 0.62096354 0.20729167 0.05182292 0.12569444
0 0.33385417 0.34537037 0.02109375 0.02500000
0 0.63229167 0.12523148 0.06510417 0.11064815
0 0.33717448 0.31793981 0.04544271 0.07662037
0 0.74537760 0.71793981 0.11914062 0.19930556
0 0.71471354 0.61655093 0.05989583 0.07476852