0 0.83072917 0.44039352 0.05520833 0.06921296
0 0.86100260 0.60081019 0.07851562 0.12384259
3 0.30957031 0.76666667 0.09596354 0.09490741
2 0.13463542 0.39097222 0.04947917 0.18888889
4 0.30501302 0.90185185 0.13580729 0.19629630
0 0.04244792 0.96608796 0.08489583 0.04699074
0 0.02167969 0.63368056 0.04335937 0.11180556
0 0.05846354 0.48495370 0.11692708 0.21296296
0 0.40462240 0.70821759 0.06679688 0.14004630
4 0.86529948 0.47604167 0.05299479 0.07152778
3 0.70253906 0.47754630 0.07330729 0.10046296
0 0.41679688 0.86238426 0.10130208 0.22615741
0 0.84986979 0.03298611 0.06953125 0.05763889
0 0.17630208 0.36412037 0.05677083 0.11157407
0 0.78763021 0.03391204 0.09843750 0.06782407
0 0.01946615 0.26215278 0.03893229 0.14884259
0 0.12799479 0.29259259 0.04895833 0.07870370
0 0.79049479 0.45590278 0.06536458 0.07523148