0 0.64498698 0.03599537 0.01289063 0.02013889
0 0.01451823 0.27986111 0.02903646 0.11203704
0 0.00345052 0.21006944 0.00690104 0.03078704
0 0.73320312 0.15567130 0.01510417 0.05023148
0 0.62513021 0.17812500 0.02187500 0.02523148
0 0.59264323 0.74861111 0.01705729 0.06157407
0 0.54928385 0.75300926 0.08111979 0.08564815
0 0.53802083 0.55138889 0.21223958 0.32824074
4 0.58509115 0.34791667 0.17278646 0.26712963
0 0.69205729 0.59097222 0.15260417 0.28842593
4 0.42838542 0.14548611 0.00911458 0.03958333
4 0.93509115 0.18055556 0.03632813 0.05648148
0 0.04101562 0.16944444 0.02447917 0.04166667
0 0.04869792 0.05358796 0.01588542 0.04004630
0 0.74863281 0.21851852 0.01132813 0.03935185
0 0.99244792 0.71226852 0.01510417 0.04490741
0 0.95813802 0.52962963 0.08372396 0.15416667
0 0.94453125 0.66145833 0.08307292 0.13587963
0 0.73333333 0.21157407 0.02083333 0.04722222
0 0.93964844 0.23090278 0.03320312 0.03263889
4 0.43430990 0.58622685 0.03997396 0.13449074
0 0.79667969 0.72349537 0.05403646 0.04560185
4 0.65865885 0.03101852 0.01210937 0.02361111