0 0.63476562 0.09710648 0.02708333 0.03958333
0 0.47005208 0.36041667 0.03255208 0.04583333
0 0.62734375 0.14988426 0.02942708 0.05532407
4 0.92005208 0.37500000 0.01458333 0.02222222
4 0.93847656 0.36840278 0.00976562 0.02662037
0 0.24954427 0.52418981 0.11497396 0.19560185
0 0.30572917 0.26261574 0.06692708 0.11412037
0 0.12864583 0.85219907 0.02005208 0.06689815
0 0.57408854 0.62372685 0.01093750 0.02152778
0 0.25058594 0.19178241 0.06002604 0.10439815
0 0.57200521 0.61307870 0.00546875 0.00949074
4 0.97343750 0.41851852 0.05312500 0.10000000
0 0.68815104 0.38090278 0.03723958 0.09282407
0 0.27623698 0.29687500 0.03111979 0.06087963
0 0.31425781 0.16400463 0.06419271 0.10949074
0 0.10188802 0.38425926 0.13085938 0.08611111
0 0.09850260 0.72395833 0.07330729 0.11365741
0 0.22845052 0.41863426 0.12304688 0.20625000
0 0.11575521 0.51967593 0.17005208 0.26805556
0 0.63945312 0.17083333 0.01406250 0.02222222
0 0.94492187 0.37546296 0.01432292 0.02083333
0 0.45377604 0.85451389 0.09427083 0.15578704
0 0.88515625 0.94409722 0.05260417 0.11180556
3 0.15319010 0.81701389 0.05299479 0.15393519
0 0.64563802 0.30231481 0.04752604 0.11018519
0 0.70826823 0.32048611 0.05455729 0.08356481
0 0.60872396 0.35520833 0.05338542 0.10069444
0 0.61809896 0.12268519 0.02786458 0.03240741
0 0.84889323 0.18599537 0.01028646 0.02337963
0 0.44518229 0.71828704 0.05546875 0.13703704
0 0.44238281 0.32812500 0.03216146 0.06736111
0 0.76412760 0.27986111 0.01861979 0.03287037
0 0.65279948 0.40347222 0.05898437 0.07685185
0 0.65839844 0.15949074 0.03450521 0.05231481