0 0.66302083 0.24560185 0.01458333 0.07546296
0 0.98066406 0.67638889 0.03867188 0.05138889
0 0.73815104 0.28750000 0.06015625 0.08796296
0 0.69309896 0.24108796 0.06562500 0.11412037
0 0.36022135 0.20949074 0.11679688 0.20046296
0 0.48059896 0.69189815 0.07656250 0.13842593
0 0.82819010 0.86203704 0.09674479 0.16157407
0 0.52187500 0.57476852 0.07500000 0.11805556
0 0.28053385 0.16886574 0.06419271 0.14236111
0 0.29596354 0.03182870 0.04140625 0.06365741
0 0.62910156 0.65868056 0.05742188 0.09143519
0 0.66282552 0.24513889 0.01393229 0.07685185
0 0.46835938 0.05231481 0.11640625 0.10462963
0 0.76484375 0.22870370 0.07994792 0.12685185
0 0.42897135 0.17581019 0.08111979 0.14884259
4 0.94218750 0.93807870 0.11562500 0.12384259
0 0.71529948 0.46863426 0.13997396 0.24930556
0 0.74264323 0.01539352 0.09752604 0.03078704
0 0.86289063 0.49490741 0.15182292 0.24722222
2 0.60559896 0.56712963 0.04791667 0.04212963
3 0.55625000 0.64317130 0.10989583 0.18726852
0 0.36223958 0.05196759 0.11093750 0.10393519