0 0.35347222 0.03372396 0.03750000 0.01588542
0 0.03969907 0.76015625 0.07430556 0.03802083
4 0.62847222 0.56191406 0.04120370 0.01861979
4 0.90393519 0.37773437 0.02916667 0.02031250
0 0.83263889 0.28971354 0.12500000 0.06510417
0 0.16435185 0.36536458 0.01250000 0.00885417
0 0.74479167 0.55742187 0.04189815 0.04296875
4 0.45173611 0.18307292 0.02013889 0.01380208
0 0.56851852 0.13463542 0.03796296 0.03567708
0 0.85682870 0.33020833 0.11736111 0.04661458
0 0.51655093 0.13606771 0.07245370 0.03098958
0 0.54340278 0.15071615 0.05023148 0.01888021
2 0.65613426 0.53313802 0.13495370 0.06497396
0 0.37928241 0.03046875 0.02615741 0.00833333
0 0.96701389 0.31204427 0.03310185 0.01888021
0 0.42256944 0.54244792 0.06597222 0.03281250
2 0.10879630 0.66653646 0.11388889 0.06041667
0 0.29201389 0.02890625 0.02754630 0.00963542
0 0.20405093 0.28483073 0.01736111 0.01393229
0 0.61724537 0.12252604 0.01412037 0.01770833
0 0.18067130 0.35592448 0.01504630 0.00611979
4 0.47627315 0.43860677 0.04189815 0.03554687
0 0.46979167 0.30507812 0.04560185 0.03463542
0 0.17303241 0.46386719 0.03217593 0.01367188
0 0.94224537 0.28626302 0.11273148 0.06679687
0 0.31342593 0.01621094 0.02731481 0.01263021
0 0.36435185 0.01113281 0.04027778 0.01679687
0 0.06689815 0.43177083 0.08842593 0.02968750
0 0.05150463 0.41451823 0.03726852 0.00611979
0 0.68472222 0.33457031 0.03055556 0.02903646
0 0.16863426 0.07597656 0.01180556 0.00664062
0 0.01620370 0.00240885 0.03240741 0.00481771
0 0.96458333 0.17148437 0.01851852 0.00885417
0 0.82731481 0.02057292 0.02361111 0.00937500
4 0.47094907 0.22402344 0.01504630 0.00429688
0 0.18807870 0.15000000 0.02476852 0.00989583
0 0.15914352 0.05963542 0.01550926 0.00911458
0 0.11851852 0.36555990 0.03379630 0.01627604
0 0.98634259 0.17246094 0.02731481 0.01627604
0 0.95335648 0.01894531 0.09328704 0.03789062
0 0.14282407 0.04700521 0.01342593 0.01067708
0 0.92314815 0.09361979 0.02129630 0.00546875