0 0.08632813 0.13344907 0.08489583 0.14143519
0 0.45794271 0.40995370 0.10026042 0.17546296
3 0.94147135 0.73449074 0.11705729 0.19722222
0 0.52356771 0.45497685 0.03151042 0.03449074
0 0.31699219 0.19988426 0.09440104 0.17013889
0 0.16269531 0.24756944 0.09986979 0.17337963
0 0.89459635 0.01238426 0.08606771 0.02476852
4 0.03177083 0.06342593 0.06354167 0.09768519
0 0.24739583 0.04293981 0.07395833 0.08587963
0 0.32141927 0.02476852 0.07773438 0.04953704
0 0.01399740 0.11805556 0.02799479 0.02175926
4 0.25169271 0.28275463 0.08906250 0.16041667
0 0.12623698 0.09131944 0.05039062 0.06365741
4 0.55625000 0.37141204 0.13020833 0.20578704