0 0.92877604 0.65787037 0.14244792 0.33796296
5 0.33118490 0.64502315 0.09518229 0.18587963
0 0.18385417 0.96354167 0.08020833 0.05532407
0 0.06549479 0.12094907 0.07812500 0.12939815
0 0.03391927 0.20868056 0.06783854 0.12800926
0 0.11002604 0.50810185 0.07135417 0.11944444
4 0.18990885 0.69201389 0.11236979 0.18912037
4 0.43177083 0.62662037 0.06953125 0.10277778
0 0.63899740 0.41342593 0.20585938 0.37777778
0 0.82291667 0.42824074 0.18385417 0.29212963
4 0.23938802 0.66909722 0.08398438 0.17476852
0 0.11803385 0.76701389 0.13450521 0.20069444
0 0.01308594 0.50231481 0.02617188 0.11527778
2 0.28300781 0.79351852 0.10195313 0.15787037
0 0.54394531 0.34016204 0.05351562 0.11319444
0 0.54140625 0.44398148 0.04609375 0.18333333
0 0.75592448 0.72569444 0.19830729 0.30694444
0 0.99023438 0.28298611 0.01953125 0.09050926
0 0.87135417 0.99131944 0.06927083 0.01736111
0 0.19700521 0.80358796 0.07604167 0.09467593
0 0.00944010 0.89247685 0.01888021 0.08819444
4 0.05299479 0.66655093 0.08515625 0.11504630