0 0.13261719 0.30763889 0.10377604 0.20740741
3 0.56438802 0.67199074 0.12981771 0.13796296
0 0.20807292 0.95231481 0.10572917 0.09537037
4 0.11549479 0.16990741 0.05390625 0.12916667
0 0.65436198 0.58321759 0.09231771 0.13634259
3 0.52968750 0.97546296 0.10520833 0.04907407
0 0.20032552 0.38900463 0.15143229 0.22662037
0 0.24628906 0.06944444 0.14830729 0.13888889
0 0.13183594 0.08796296 0.04830729 0.17592593
0 0.34010417 0.22534722 0.19947917 0.31458333
0 0.70039063 0.77118056 0.12083333 0.27430556
0 0.16621094 0.08796296 0.05716146 0.17592593
0 0.27825521 0.44745370 0.10416667 0.16759259
0 0.97721354 0.32465278 0.04557292 0.08541667
4 0.58489583 0.82650463 0.16744792 0.25578704
3 0.92070312 0.33981481 0.08776042 0.11527778