4 0.95846354 0.08391204 0.01328125 0.03356481
0 0.94635417 0.11539352 0.02500000 0.05671296
0 0.34453125 0.16493056 0.20703125 0.32986111
0 0.41588542 0.47326389 0.18515625 0.29699074
3 0.69589844 0.00671296 0.02148438 0.01342593
0 0.53847656 0.02893519 0.06549479 0.05787037
0 0.60501302 0.05034722 0.06835938 0.05625000
0 0.91230469 0.60590278 0.08606771 0.13263889
5 0.34804687 0.33993056 0.02942708 0.02430556
0 0.91354167 0.75358796 0.09062500 0.09791667
0 0.54596354 0.22615741 0.19687500 0.32962963
5 0.22063802 0.63217593 0.05716146 0.06898148
0 0.97792969 0.77465278 0.04414063 0.04606481
2 0.63684896 0.88078704 0.13541667 0.23842593
0 0.54088542 0.96597222 0.07630208 0.06805556
0 0.95957031 0.19780093 0.00846354 0.03171296
2 0.31022135 0.37083333 0.07955729 0.13379630
4 0.63229167 0.05289352 0.01770833 0.05208333