0 0.70185185 0.25976562 0.09027778 0.02213542
0 0.56122685 0.27428385 0.19328704 0.08919271
0 0.03020833 0.23144531 0.06041667 0.05091146
3 0.04988426 0.29498698 0.09976852 0.08320313
0 0.47025463 0.21477865 0.12800926 0.07669271
0 0.44768519 0.49205729 0.12638889 0.07734375
0 0.31909722 0.76184896 0.08263889 0.05755208
2 0.70416667 0.19798177 0.20092593 0.12070313
0 0.44594907 0.39694010 0.08819444 0.07434896
2 0.44467593 0.27942708 0.11481481 0.06744792
0 0.69212963 0.11979167 0.16388889 0.05937500
4 0.25868056 0.51354167 0.11550926 0.07135417
4 0.56493056 0.17460938 0.23680556 0.12864583
4 0.27847222 0.75572917 0.06805556 0.06223958