0 0.83164063 0.93113426 0.12942708 0.13773148
5 0.32233073 0.08472222 0.07695312 0.13564815
0 0.41243490 0.78240741 0.14440104 0.26064815
4 0.78723958 0.80138889 0.12239583 0.20000000
0 0.16959635 0.05289352 0.06158854 0.10578704
0 0.35136719 0.03946759 0.01783854 0.04189815
0 0.22565104 0.16782407 0.07421875 0.15787037
0 0.03268229 0.46875000 0.06536458 0.30138889
0 0.34531250 0.18726852 0.01640625 0.03703704
2 0.52695313 0.85833333 0.14843750 0.28333333
0 0.14036458 0.32974537 0.22994792 0.40902778
0 0.41523437 0.95243056 0.12447917 0.09513889
0 0.08001302 0.14583333 0.16002604 0.29166667
0 0.37630208 0.20636574 0.05703125 0.08773148
0 0.17871094 0.11863426 0.04049479 0.08356481
0 0.30957031 0.14340278 0.06158854 0.09745370
0 0.39257812 0.14745370 0.05703125 0.09953704