4 0.47584635 0.60706019 0.10872396 0.19467593
0 0.19960938 0.45057870 0.02734375 0.08958333
0 0.50761719 0.44143519 0.08502604 0.10370370
0 0.73906250 0.24212963 0.13229167 0.21342593
0 0.72018229 0.11238426 0.05182292 0.07245370
0 0.97871094 0.80937500 0.04257813 0.20162037
0 0.04882812 0.38703704 0.06770833 0.13194444
0 0.87434896 0.19837963 0.14609375 0.22129630
4 0.96575521 0.92361111 0.06848958 0.15277778
0 0.58684896 0.47951389 0.10182292 0.15208333
0 0.09368490 0.53067130 0.13658854 0.19652778