0 0.32135417 0.28009259 0.06979167 0.10972222
0 0.12558594 0.11493056 0.08606771 0.11875000
2 0.81386719 0.07118056 0.05794271 0.07939815
4 0.15507813 0.33298611 0.09140625 0.16134259
0 0.77005208 0.41921296 0.06380208 0.13750000
0 0.38398437 0.21886574 0.07604167 0.09976852
0 0.57649740 0.08020833 0.12226562 0.16041667
0 0.45696615 0.43958333 0.09023437 0.16296296
2 0.11432292 0.38750000 0.04609375 0.12962963
0 0.57220052 0.34907407 0.08476563 0.15416667
0 0.21334635 0.41469907 0.07356771 0.14328704
0 0.16334635 0.42372685 0.02851563 0.03680556
0 0.53815104 0.08900463 0.08281250 0.17800926
4 0.46953125 0.49398148 0.07656250 0.08703704
0 0.73763021 0.45891204 0.09244792 0.13912037
4 0.82578125 0.38460648 0.10677083 0.16087963
0 0.65468750 0.02662037 0.04401042 0.05324074
4 0.12057292 0.20567130 0.09010417 0.13495370
4 0.05826823 0.39479167 0.11054688 0.13865741
3 0.01503906 0.53159722 0.03007813 0.07662037