2 0.21803385 0.26226852 0.07070312 0.09953704
0 0.34492187 0.03900463 0.03515625 0.03958333
1 0.98847656 0.90671296 0.02304688 0.11111111
0 0.74667969 0.24548611 0.14023438 0.21041667
0 0.39746094 0.14606481 0.07929688 0.13564815
0 0.67226562 0.19722222 0.01588542 0.04305556
0 0.79010417 0.07789352 0.05338542 0.15578704
0 0.86438802 0.78726852 0.10846354 0.17129630
0 0.31992188 0.10636574 0.08359375 0.14837963
0 0.96341146 0.02129630 0.07317708 0.04259259
0 0.99453125 0.22071759 0.01093750 0.07939815
0 0.67871094 0.28611111 0.00872396 0.01990741
0 0.15065104 0.26805556 0.06510417 0.05416667
3 0.22434896 0.85902778 0.12057292 0.21898148
0 0.95781250 0.76516204 0.08437500 0.16134259
0 0.92779948 0.89212963 0.10559896 0.17037037
2 0.42923177 0.05023148 0.05195312 0.10046296