4 0.84635417 0.28240741 0.07135417 0.07175926
4 0.09518229 0.64039352 0.15572917 0.28402778
4 0.02871094 0.92500000 0.05742187 0.10462963
3 0.54283854 0.67199074 0.09895833 0.18009259
3 0.02167969 0.65729167 0.04335937 0.19606481
0 0.03203125 0.98206019 0.06119792 0.03587963
4 0.89238281 0.47384259 0.09570312 0.13981481
0 0.20091146 0.38333333 0.09088542 0.17962963
0 0.10494792 0.41678241 0.11119792 0.14976852
0 0.96139323 0.37777778 0.07721354 0.16481481
0 0.15345052 0.23171296 0.11731771 0.18981481
0 0.05260417 0.31979167 0.10286458 0.19328704