0 0.73756510 0.38125000 0.16184896 0.25416667
0 0.91308594 0.83240741 0.08789062 0.23379630
4 0.82324219 0.87395833 0.15195312 0.21736111
0 0.64348958 0.51793981 0.11927083 0.20115741
4 0.46347656 0.31307870 0.12304688 0.20439815
0 0.84042969 0.63217593 0.08424479 0.05972222
0 0.49368490 0.40682870 0.02877604 0.03634259
0 0.00468750 0.27604167 0.00937500 0.08356481
2 0.98619792 0.02314815 0.02760417 0.04629630
4 0.99055990 0.46273148 0.01888021 0.09675926
4 0.72513021 0.98692130 0.07812500 0.02615741
0 0.56464844 0.43125000 0.11731771 0.18379630
3 0.77623698 0.74131944 0.11549479 0.15902778
0 0.43632812 0.95682870 0.09296875 0.08634259
0 0.59498698 0.19849537 0.18528646 0.26875000