0 0.09039352 0.44778646 0.06736111 0.02343750
0 0.97453704 0.64544271 0.05092593 0.04765625
0 0.95219907 0.29277344 0.09560185 0.08294271
0 0.78865741 0.91868490 0.13564815 0.07851562
0 0.11319444 0.88222656 0.12638889 0.07122396
0 0.01041667 0.24335937 0.02083333 0.03359375
0 0.84942130 0.26256510 0.15023148 0.08632813
0 0.63229167 0.90338542 0.11412037 0.06875000
0 0.11354167 0.77923177 0.03032407 0.01367188
0 0.83414352 0.62408854 0.20671296 0.11848958
0 0.71932870 0.85696615 0.10810185 0.06341146
0 0.04710648 0.90358073 0.01875000 0.01445312
0 0.07569444 0.86673177 0.03333333 0.01705729
0 0.04791667 0.86640625 0.03101852 0.00885417
4 0.51643519 0.51764323 0.23240741 0.13684896
4 0.97349537 0.70260417 0.05300926 0.09427083
4 0.94062500 0.20950521 0.11875000 0.09375000
1 0.68831019 0.57369792 0.22060185 0.13072917
3 0.43009259 0.21725260 0.16527778 0.10559896
0 0.57893519 0.23691406 0.13518519 0.08164062
0 0.49444444 0.30598958 0.15462963 0.09479167
2 0.53495370 0.67473958 0.25370370 0.14296875
0 0.18171296 0.80781250 0.13796296 0.08489583
1 0.70509259 0.95533854 0.18611111 0.08932292
2 0.28414352 0.11464844 0.10486111 0.07096354
0 0.07303241 0.81946615 0.14606481 0.09023438
0 0.73634259 0.72154948 0.22870370 0.13658854
0 0.21886574 0.85833333 0.10625000 0.06666667
0 0.95486111 0.74707031 0.09027778 0.08424479
0 0.88113426 0.68593750 0.03356481 0.01536458