0 0.48437500 0.12981771 0.09236111 0.05442708
0 0.13368056 0.99537760 0.02152778 0.00924479
0 0.22569444 0.43333333 0.11111111 0.01250000
0 0.15740741 0.84661458 0.20092593 0.08906250
0 0.22928241 0.48750000 0.22060185 0.11484375
0 0.52627315 0.08333333 0.08634259 0.06640625
0 0.21307870 0.24459635 0.09189815 0.06028646
4 0.34062500 0.11777344 0.08171296 0.06054688
0 0.34224537 0.92903646 0.11504630 0.05000000
0 0.29930556 0.53938802 0.11990741 0.06445312
3 0.48229167 0.06334635 0.09884259 0.06575521
3 0.76423611 0.08378906 0.14745370 0.08919271
4 0.23576389 0.36783854 0.19421296 0.12734375
1 0.67997685 0.88053385 0.13819444 0.08945313
1 0.24907407 0.95390625 0.21064815 0.09218750
3 0.16909722 0.18391927 0.12245370 0.07591146