2 0.00937500 0.54548611 0.01875000 0.09930556
0 0.57395833 0.71759259 0.06979167 0.13657407
0 0.62727865 0.40879630 0.07981771 0.13425926
0 0.00703125 0.31215278 0.01406250 0.07384259
0 0.69355469 0.71493056 0.07278646 0.12013889
4 0.96302083 0.93125000 0.07395833 0.13750000
0 0.57252604 0.30300926 0.08229167 0.15277778
0 0.65501302 0.30729167 0.05273438 0.10578704
4 0.23261719 0.69317130 0.05169271 0.05115741
0 0.47304687 0.69548611 0.06744792 0.12106481
0 0.41497396 0.73206019 0.06432292 0.08495370
0 0.03593750 0.23958333 0.07187500 0.14305556
4 0.41223958 0.62488426 0.07682292 0.13263889
0 0.90683594 0.99270833 0.05716146 0.01458333
0 0.28606771 0.96921296 0.06562500 0.06157407
2 0.37441406 0.92962963 0.11393229 0.14074074
4 0.65826823 0.90347222 0.08242187 0.11574074
4 0.99316406 0.97604167 0.01367188 0.04791667