0 0.01230469 0.67789352 0.02460937 0.10532407
0 0.40585938 0.28518519 0.06015625 0.08935185
0 0.57330729 0.96527778 0.02734375 0.03981481
0 0.31015625 0.88460648 0.08854167 0.11504630
2 0.40911458 0.35497685 0.05677083 0.13449074
0 0.34967448 0.45011574 0.12539062 0.25439815
0 0.20768229 0.50578704 0.19192708 0.28796296
0 0.66250000 0.96840278 0.10104167 0.06319444
0 0.88242188 0.70659722 0.08697917 0.14421296
5 0.84524740 0.29375000 0.02799479 0.03935185
0 0.89778646 0.86805556 0.08281250 0.12314815
0 0.48118490 0.36319444 0.02018229 0.10324074
0 0.95651042 0.71956019 0.08541667 0.15162037
0 0.90221354 0.95821759 0.08541667 0.08356481
0 0.58470052 0.95092593 0.09492188 0.09814815
4 0.68020833 0.80659722 0.12604167 0.27893519
0 0.97936198 0.89814815 0.04127604 0.13425926
4 0.97226563 0.97719907 0.05546875 0.04560185
0 0.03789062 0.70590278 0.06640625 0.08680556
5 0.14654948 0.61585648 0.02408854 0.03495370
2 0.32213542 0.11932870 0.01927083 0.05254630
0 0.23352865 0.62395833 0.12565104 0.13217593
0 0.28274740 0.64803241 0.01263021 0.04282407