0 0.91145833 0.06152344 0.17708333 0.12304688
4 0.81319444 0.15468750 0.18935185 0.10885417
0 0.79884259 0.75917969 0.11157407 0.06106771
4 0.01597222 0.59023437 0.03194444 0.03411458
0 0.39756944 0.59153646 0.13587963 0.06145833
0 0.31782407 0.62187500 0.17685185 0.09348958
0 0.41527778 0.68404948 0.10740741 0.04361979
0 0.50208333 0.64863281 0.12870370 0.10169271
0 0.81412037 0.82747396 0.10277778 0.08281250
2 0.09537037 0.13938802 0.05046296 0.02955729
2 0.08692130 0.36679688 0.05995370 0.03359375
2 0.07847222 0.15904948 0.02685185 0.03085937
2 0.18622685 0.26145833 0.05023148 0.02161458
4 0.72037037 0.78958333 0.16666667 0.09713542
2 0.10428241 0.16855469 0.05023148 0.03085937
2 0.09872685 0.19088542 0.05810185 0.03072917
0 0.28356481 0.66347656 0.14120370 0.06523437