0 0.29192708 0.61643519 0.09296875 0.16805556
0 0.19889323 0.67418981 0.07252604 0.11643519
3 0.88750000 0.46354167 0.10807292 0.18587963
0 0.21705729 0.58043981 0.04531250 0.13078704
0 0.34283854 0.40347222 0.07942708 0.13287037
0 0.02402344 0.72349537 0.04804688 0.19143519
0 0.69680990 0.16504630 0.03372396 0.14583333
0 0.64791667 0.82233796 0.05781250 0.10347222
4 0.01640625 0.51550926 0.03281250 0.21342593
0 0.42128906 0.40914352 0.07851563 0.14560185
0 0.65032552 0.21111111 0.08997396 0.17453704
0 0.73098958 0.28553241 0.08880208 0.14884259
0 0.08111979 0.01041667 0.06953125 0.02083333
4 0.24140625 0.74097222 0.11197917 0.19027778
0 0.68541667 0.30300926 0.02838542 0.07268519
0 0.76881510 0.28252315 0.05065104 0.15254630
0 0.99733073 0.55937500 0.00533854 0.03078704
4 0.96640625 0.43495370 0.06718750 0.21990741
4 0.59641927 0.76828704 0.07825521 0.13796296