2 0.31273148 0.45065104 0.06111111 0.02864583
4 0.19699074 0.38222656 0.04259259 0.02565104
2 0.30833333 0.33522135 0.03287037 0.03059896
0 0.36250000 0.44661458 0.05185185 0.03229167
4 0.07650463 0.57617188 0.06921296 0.03984375
4 0.03668981 0.66341146 0.05162037 0.03619792
0 0.01087963 0.24348958 0.02175926 0.01640625
0 0.02569444 0.46614583 0.05138889 0.04375000
0 0.58842593 0.51953125 0.02314815 0.01171875
0 0.69108796 0.91139323 0.03865741 0.03606771
0 0.01041667 0.49811198 0.02083333 0.02174479
0 0.97754630 0.50690104 0.04490741 0.05156250
0 0.03275463 0.44661458 0.06550926 0.04791667
0 0.19560185 0.39082031 0.04675926 0.01914063
0 0.00682870 0.26347656 0.01365741 0.02304688
0 0.68587963 0.23404948 0.02731481 0.01419271
0 0.02442130 0.56529948 0.04884259 0.05325521
0 0.02025463 0.28014323 0.04050926 0.03528646
0 0.68703704 0.80371094 0.04398148 0.03971354
4 0.36053241 0.20748698 0.01967593 0.00638021
0 0.32881944 0.94570312 0.09004630 0.05494792
0 0.35057870 0.97864583 0.07986111 0.04270833
0 0.16365741 0.28580729 0.04212963 0.02421875
2 0.68958333 0.85390625 0.10740741 0.06119792
0 0.19942130 0.28763021 0.03356481 0.02864583
0 0.07037037 0.61184896 0.06157407 0.03229167
0 0.11782407 0.59401042 0.05555556 0.04010417
0 0.18576389 0.23359375 0.05578704 0.02786458
0 0.06666667 0.34524740 0.04953704 0.02096354
0 0.35092593 0.15097656 0.08240741 0.02929688
0 0.27395833 0.16634115 0.02569444 0.01445312
0 0.29594907 0.17252604 0.01967593 0.01119792
0 0.15474537 0.07773437 0.01921296 0.01718750
4 0.66342593 0.21223958 0.03981481 0.01328125
0 0.20625000 0.09121094 0.04861111 0.02981771
0 0.76793981 0.25286458 0.08495370 0.04218750
0 0.83263889 0.22037760 0.11620370 0.06289063
0 0.19050926 0.25475260 0.05138889 0.02304688
0 0.15763889 0.24746094 0.02777778 0.02513021
0 0.79756944 0.10045573 0.04050926 0.01992187
0 0.29212963 0.16263021 0.02268519 0.01276042
0 0.23310185 0.22805990 0.05925926 0.03632812
0 0.71574074 0.20937500 0.06944444 0.04114583
0 0.87407407 0.25195312 0.10092593 0.05416667
0 0.75937500 0.61927083 0.04513889 0.02473958
0 0.01226852 0.25162760 0.02453704 0.02460937
0 0.96446759 0.48665365 0.05532407 0.02695312
0 0.77847222 0.19648437 0.02175926 0.02864583
0 0.91597222 0.47220052 0.02500000 0.03164063
0 0.78483796 0.65253906 0.09004630 0.06080729
0 0.74965278 0.67675781 0.05902778 0.01575521
0 0.93333333 0.53313802 0.06851852 0.04570313
0 0.64826389 0.63684896 0.07430556 0.04817708
0 0.77662037 0.11751302 0.05231481 0.04596354
0 0.69143519 0.11660156 0.06388889 0.04361979
0 0.78194444 0.18476562 0.02037037 0.00546875
0 0.83171296 0.46673177 0.03425926 0.00794271
0 0.78321759 0.50130208 0.08958333 0.07239583
0 0.70763889 0.06536458 0.01296296 0.01093750
0 0.03414352 0.01529948 0.03541667 0.01731771
0 0.02303241 0.03287760 0.02152778 0.01731771
0 0.37465278 0.10800781 0.05625000 0.03528646
0 0.71458333 0.68164062 0.02268519 0.01953125
0 0.90023148 0.47656250 0.03750000 0.02968750
0 0.73472222 0.30227865 0.03703704 0.02070312
0 0.32754630 0.21464844 0.00694444 0.00507813
4 0.63020833 0.83092448 0.05717593 0.03606771
0 0.92407407 0.22936198 0.04120370 0.02174479