0 0.88831019 0.00664062 0.02986111 0.01328125
0 0.08414352 0.10410156 0.04189815 0.02122396
0 0.92708333 0.03033854 0.02453704 0.01171875
0 0.98298611 0.29049479 0.03402778 0.04036458
0 0.60833333 0.16731771 0.12546296 0.07187500
3 0.95601852 0.00384115 0.02592593 0.00768229
0 0.72893519 0.03190104 0.02962963 0.01744792
0 0.56574074 0.22421875 0.01666667 0.01354167
0 0.68009259 0.58964844 0.10601852 0.06028646
0 0.77233796 0.23365885 0.01041667 0.01028646
0 0.73356481 0.04902344 0.01157407 0.00585938
0 0.64398148 0.04394531 0.01759259 0.01184896
2 0.55416667 0.21256510 0.02546296 0.01263021
0 0.64560185 0.06269531 0.01851852 0.01731771
0 0.71689815 0.03736979 0.01157407 0.01276042
0 0.89849537 0.01660156 0.05300926 0.02356771
3 0.76840278 0.57415365 0.11180556 0.06393229
0 0.64155093 0.01295573 0.12060185 0.02591146
0 0.02442130 0.06757813 0.01087963 0.01041667
0 0.98368056 0.25970052 0.03263889 0.02513021
0 0.46956019 0.10065104 0.07569444 0.05052083
0 0.70196759 0.12792969 0.03125000 0.02486979
0 0.95474537 0.27070313 0.05347222 0.02838542
0 0.39097222 0.05253906 0.03287037 0.01289062
0 0.34074074 0.11660156 0.01527778 0.01315104
0 0.95393519 0.01399740 0.01851852 0.01002604
0 0.76354167 0.15065104 0.05393519 0.02968750
4 0.06516204 0.10631510 0.02245370 0.02252604
0 0.62766204 0.22220052 0.02106481 0.01757812
0 0.86747685 0.08183594 0.02893519 0.00742187
4 0.86782407 0.07434896 0.01342593 0.00598958
0 0.48807870 0.19342448 0.12754630 0.07252604
3 0.01203704 0.02089844 0.00787037 0.00742187
0 0.53715278 0.13059896 0.02476852 0.02265625
0 0.85196759 0.07278646 0.01828704 0.01666667
0 0.34305556 0.36282552 0.04259259 0.01861979
0 0.49236111 0.13177083 0.07592593 0.03750000
0 0.76064815 0.39765625 0.03379630 0.01432292
4 0.02581019 0.06106771 0.00902778 0.01328125
0 0.90138889 0.34765625 0.04953704 0.03046875
4 0.33472222 0.26119792 0.05046296 0.03229167
4 0.57280093 0.30234375 0.01597222 0.02630208
0 0.09618056 0.30885417 0.01921296 0.01171875