0 0.95807292 0.44652778 0.02031250 0.05601852
4 0.98294271 0.55266204 0.02291667 0.01736111
5 0.01888021 0.58194444 0.03776042 0.15416667
4 0.28567708 0.53344907 0.05677083 0.14467593
2 0.07832031 0.50300926 0.10481771 0.16944444
4 0.29576823 0.25312500 0.08815104 0.18356481
0 0.68684896 0.56134259 0.09817708 0.21388889
0 0.80481771 0.61446759 0.14062500 0.17106481
0 0.90605469 0.65254630 0.06575521 0.06666667
4 0.98658854 0.36400463 0.02682292 0.03310185
0 0.87565104 0.36006944 0.19765625 0.33958333
0 0.72369792 0.40196759 0.11119792 0.23032407