0 0.00613426 0.84003906 0.01226852 0.02408854
2 0.07407407 0.11640625 0.03287037 0.01302083
3 0.38194444 0.49830729 0.22083333 0.12838542
4 0.80208333 0.52753906 0.15787037 0.08919271
4 0.67199074 0.91119792 0.13657407 0.08281250
0 0.90312500 0.47493490 0.17569444 0.10247396
0 0.73206019 0.87050781 0.10486111 0.05768229
0 0.43449074 0.15286458 0.14120370 0.07760417
0 0.39849537 0.76998698 0.13495370 0.06627604
0 0.58229167 0.52011719 0.20347222 0.11809896
0 0.28020833 0.79850260 0.05671296 0.05013021
0 0.40740741 0.16393229 0.07916667 0.04036458
0 0.42696759 0.83046875 0.04189815 0.01901042
0 0.47650463 0.15963542 0.06180556 0.03281250
0 0.05277778 0.27161458 0.10509259 0.04817708
3 0.40590278 0.06927083 0.16273148 0.09843750
5 0.78923611 0.01718750 0.13726852 0.03437500
0 0.49803241 0.81497396 0.11087963 0.09010417
0 0.53564815 0.10820312 0.13101852 0.08932292
2 0.07395833 0.35162760 0.04606481 0.01992187
2 0.16979167 0.23535156 0.05347222 0.03320312
0 0.34606481 0.80846354 0.14583333 0.07604167
3 0.01608796 0.55878906 0.03217593 0.03320312
0 0.68275463 0.84986979 0.05162037 0.02838542
2 0.54502315 0.39661458 0.23634259 0.13151042
0 0.74849537 0.93255208 0.08680556 0.06718750
2 0.07476852 0.15598958 0.05601852 0.01354167
2 0.07083333 0.09798177 0.05462963 0.02565104