4 0.34238281 0.55173611 0.06627604 0.11782407
4 0.44160156 0.55196759 0.08216146 0.11458333
1 0.98795573 0.36365741 0.02408854 0.04074074
0 0.75052083 0.55370370 0.07890625 0.14027778
1 0.52350260 0.22303241 0.03216146 0.10717593
0 0.63183594 0.00833333 0.05039062 0.01666667
0 0.80416667 0.51238426 0.06927083 0.11782407
0 0.00807292 0.54270833 0.01614583 0.07662037
0 0.07766927 0.60775463 0.04960938 0.07986111
0 0.37558594 0.15659722 0.10247396 0.19328704
0 0.26835938 0.07766204 0.12395833 0.15532407
0 0.28307292 0.24814815 0.13932292 0.22083333
4 0.05299479 0.50543981 0.08932292 0.14236111
0 0.79498698 0.65497685 0.07955729 0.09189815