4 0.12569444 0.08886719 0.04629630 0.03632812
0 0.48344907 0.95585937 0.24050926 0.08828125
0 0.22164352 0.09765625 0.13078704 0.08750000
4 0.04965278 0.91848958 0.03495370 0.01588542
0 0.68900463 0.80533854 0.08495370 0.05078125
0 0.05104167 0.33476562 0.06458333 0.03437500
4 0.12974537 0.38463542 0.03402778 0.02213542
0 0.01192130 0.64440104 0.02384259 0.02760417
0 0.85983796 0.79244792 0.13958333 0.08046875
0 0.74687500 0.48704427 0.17476852 0.08632812
0 0.74293981 0.75403646 0.12013889 0.06770833
0 0.86145833 0.85390625 0.09791667 0.06041667
0 0.81909722 0.43815104 0.14328704 0.07083333
4 0.02638889 0.21796875 0.02870370 0.02916667
3 0.68923611 0.99648437 0.02893519 0.00703125
0 0.75474537 0.80071615 0.07986111 0.05065104
0 0.53495370 0.87740885 0.28009259 0.16757813
0 0.67002315 0.46458333 0.12384259 0.08489583
2 0.71574074 0.87115885 0.12777778 0.09023437
0 0.78958333 0.96914062 0.14259259 0.06171875
0 0.04074074 0.01933594 0.01898148 0.01731771
0 0.12928241 0.12128906 0.05995370 0.03450521
4 0.27222222 0.24863281 0.15370370 0.09101562
4 0.05231481 0.35104167 0.02870370 0.01458333
4 0.00775463 0.61998698 0.01550926 0.02851563
0 0.81157407 0.93111979 0.16064815 0.12161458