0 0.54303385 0.54803241 0.07695313 0.15115741
0 0.63170573 0.29293981 0.06966146 0.09606481
0 0.57539063 0.33472222 0.06276042 0.05925926
2 0.63723958 0.47673611 0.11718750 0.20671296
2 0.10598958 0.21643519 0.07760417 0.10972222
0 0.58248698 0.63055556 0.12070313 0.20185185
3 0.36048177 0.38009259 0.06054688 0.03888889
0 0.03483073 0.21041667 0.06966146 0.12500000
0 0.98658854 0.72118056 0.02682292 0.18495370
0 0.09003906 0.27430556 0.07434896 0.11157407
4 0.56516927 0.24224537 0.07955729 0.13634259
0 0.04720052 0.02604167 0.02643229 0.05208333
0 0.81074219 0.01701389 0.07200521 0.03402778
0 0.75572917 0.29201389 0.07500000 0.13773148
0 0.87532552 0.27291667 0.07773438 0.11064815
0 0.02923177 0.00891204 0.01966146 0.01782407
0 0.91764323 0.71736111 0.12721354 0.19490741
0 0.15709635 0.72395833 0.10976562 0.16319444
0 0.12630208 0.06354167 0.14531250 0.12708333
4 0.84700521 0.45011574 0.08776042 0.10578704