0 0.37083333 0.18665365 0.10972222 0.06627604
0 0.40532407 0.23470052 0.03240741 0.01419271
3 0.00902778 0.31529948 0.01805556 0.06289062
0 0.38194444 0.22128906 0.07222222 0.02903646
0 0.96307870 0.64218750 0.07384259 0.10572917
0 0.49189815 0.47070312 0.27453704 0.14661458
0 0.14259259 0.51497396 0.23055556 0.15494792
4 0.30532407 0.20572917 0.06944444 0.02630208
0 0.61041667 0.39915365 0.20509259 0.12591146
0 0.50486111 0.30507812 0.29351852 0.15234375
3 0.21041667 0.28925781 0.31203704 0.16783854
0 0.17083333 0.66803385 0.26712963 0.15325521
2 0.73055556 0.96998698 0.22037037 0.06002604
0 0.33113426 0.40957031 0.11504630 0.10924479