2 0.42174479 0.41342593 0.10833333 0.18611111
0 0.42578125 0.11319444 0.01692708 0.02870370
0 0.40533854 0.21875000 0.02291667 0.03796296
0 0.40742188 0.07500000 0.01640625 0.02777778
0 0.51868490 0.21921296 0.02434896 0.05000000
0 0.39153646 0.25937500 0.02734375 0.03032407
4 0.46210938 0.25775463 0.02656250 0.04050926
4 0.34654948 0.30578704 0.03216146 0.01851852
4 0.47747396 0.17800926 0.02838542 0.02129630
4 0.07324219 0.21828704 0.02096354 0.02546296
0 0.39687500 0.05995370 0.01510417 0.02731481
0 0.40683594 0.16365741 0.01575521 0.02592593
0 0.59075521 0.70381944 0.16901042 0.32384259
5 0.56210938 0.38703704 0.17500000 0.34583333
4 0.44609375 0.63599537 0.21588542 0.34143519
0 0.36002604 0.09814815 0.01718750 0.02500000
2 0.94915365 0.78321759 0.10169271 0.25162037
0 0.34453125 0.15717593 0.01588542 0.02453704
0 0.40957031 0.75763889 0.18502604 0.27129630
0 0.27981771 0.19016204 0.01979167 0.02800926
0 0.97688802 0.39571759 0.03867188 0.05532407
4 0.41985677 0.20914352 0.01367188 0.04560185
0 0.37239583 0.12199074 0.01354167 0.02268519
0 0.88847656 0.19305556 0.02148438 0.06203704
0 0.41328125 0.05532407 0.01406250 0.02916667
0 0.06048177 0.07141204 0.12096354 0.14282407
3 0.48203125 0.22141204 0.03151042 0.02384259
0 0.37532552 0.09976852 0.01809896 0.03101852
0 0.12050781 0.17835648 0.02721354 0.05486111