0 0.09531250 0.81712963 0.09635417 0.11296296
0 0.47330729 0.68518519 0.08281250 0.11527778
4 0.72128906 0.27662037 0.01263021 0.02453704
4 0.33359375 0.74780093 0.08854167 0.12939815
0 0.64225260 0.29525463 0.01393229 0.09791667
3 0.71516927 0.30277778 0.01888021 0.03287037
2 0.73802083 0.51840278 0.06302083 0.10486111
4 0.69257813 0.46620370 0.05885417 0.06666667
0 0.97441406 0.31030093 0.05117187 0.11226852
5 0.93203125 0.22847222 0.07682292 0.09305556
2 0.03457031 0.72997685 0.06914062 0.12754630