0 0.94368490 0.82789352 0.11263021 0.21134259
0 0.71419271 0.42152778 0.16536458 0.28472222
0 0.64863281 0.69143519 0.16445312 0.30231481
0 0.62044271 0.16782407 0.08020833 0.13611111
5 0.96972656 0.04594907 0.02617187 0.09189815
0 0.97571615 0.15717593 0.04856771 0.14861111
0 0.76673177 0.84548611 0.16731771 0.27800926
0 0.08125000 0.87303241 0.07057292 0.18078704
0 0.88867188 0.50787037 0.02447917 0.02222222
3 0.10722656 0.96365741 0.01341146 0.06388889
0 0.66777344 0.89571759 0.11080729 0.13634259
1 0.58033854 0.07928241 0.08619792 0.15856481
0 0.80833333 0.65219907 0.16276042 0.27291667
0 0.88307292 0.40995370 0.03229167 0.04305556
0 0.54830729 0.46458333 0.16744792 0.32083333
4 0.43027344 0.21701389 0.04440104 0.10902778
4 0.89368490 0.73472222 0.07408854 0.21018519
4 0.85162760 0.53726852 0.02877604 0.02731481