0 0.63599537 0.65117187 0.06782407 0.03151042
0 0.40520833 0.41927083 0.45162037 0.25208333
0 0.76076389 0.62981771 0.07430556 0.03723958
2 0.56400463 0.68457031 0.17291667 0.09804688
0 0.74236111 0.56966146 0.13842593 0.09401042
0 0.16226852 0.98157552 0.06990741 0.03684896
0 0.65057870 0.13098958 0.15763889 0.07473958
0 0.74722222 0.71445312 0.21250000 0.15000000
0 0.69178241 0.95878906 0.18217593 0.08242187
0 0.60810185 0.55735677 0.15879630 0.08789062
0 0.46030093 0.19531250 0.14328704 0.09296875
0 0.78402778 0.79661458 0.05416667 0.03697917
0 0.56296296 0.17389323 0.20879630 0.11445312
4 0.64641204 0.86243490 0.25069444 0.15898437
0 0.63229167 0.59524740 0.10625000 0.06054688
0 0.34062500 0.63242187 0.38125000 0.21354167