4 0.47638889 0.47662760 0.12407407 0.07044271
0 0.55995370 0.54726562 0.11805556 0.06536458
0 0.01388889 0.27317708 0.02777778 0.02682292
3 0.25995370 0.12154948 0.08796296 0.03658854
2 0.71076389 0.22695313 0.13171296 0.07838542
2 0.56180556 0.24843750 0.15324074 0.08125000
2 0.29328704 0.16894531 0.09490741 0.09648438
0 0.71863426 0.40638021 0.15625000 0.09296875
3 0.16400463 0.19850260 0.20069444 0.11367187
0 0.01238426 0.25214844 0.02476852 0.05820312
0 0.30810185 0.11347656 0.02175926 0.01158854
0 0.58148148 0.14596354 0.05555556 0.03385417
0 0.48460648 0.53932292 0.05254630 0.05885417
0 0.01527778 0.30677083 0.03055556 0.04973958