0 0.29485677 0.47418981 0.10221354 0.15439815
0 0.19049479 0.04826389 0.01666667 0.07754630
0 0.95240885 0.20370370 0.09518229 0.26666667
0 0.90266927 0.09687500 0.15533854 0.19375000
0 0.19876302 0.15960648 0.05638021 0.11782407
0 0.98470052 0.03645833 0.03059896 0.07291667
4 0.98893229 0.34236111 0.02213542 0.03796296
0 0.22591146 0.46134259 0.07682292 0.15879630
0 0.66191406 0.77719907 0.06992188 0.10763889
0 0.94485677 0.44317130 0.02356771 0.01458333
4 0.73730469 0.68368056 0.08450521 0.19375000
0 0.94114583 0.94074074 0.10468750 0.11851852
4 0.19804688 0.00300926 0.01223958 0.00601852
0 0.14544271 0.05682870 0.05364583 0.09189815
0 0.00813802 0.28032407 0.01627604 0.11898148
0 0.63268229 0.74560185 0.04687500 0.12129630
0 0.41295573 0.17465278 0.05950521 0.10393519
0 0.65097656 0.57141204 0.08190104 0.09884259
0 0.53841146 0.35682870 0.07421875 0.11226852