0 0.47592593 0.74986979 0.15462963 0.05000000
0 0.72546296 0.61087240 0.11527778 0.08684896
0 0.01469907 0.82252604 0.02939815 0.09114583
0 0.30740741 0.33919271 0.11296296 0.06588542
0 0.76238426 0.51549479 0.18263889 0.11484375
0 0.26087963 0.16399740 0.03055556 0.01158854
1 0.03368056 0.21992187 0.06736111 0.11276042
0 0.82303241 0.67539062 0.14560185 0.10286458
0 0.58368056 0.73235677 0.02013889 0.00846354
0 0.55138889 0.76425781 0.03425926 0.02539062
0 0.99120370 0.93795573 0.01759259 0.03502604
0 0.99456019 0.97890625 0.01087963 0.02057292
0 0.01527778 0.88750000 0.03055556 0.06302083
0 0.65462963 0.53437500 0.10740741 0.10234375
0 0.29409722 0.38704427 0.08032407 0.03033854
0 0.14756944 0.86250000 0.12430556 0.07447917
0 0.71655093 0.72532552 0.09375000 0.04934896
0 0.11319444 0.91536458 0.04398148 0.05598958
1 0.52025463 0.57805990 0.30023148 0.11106771
0 0.18506944 0.93958333 0.10347222 0.07526042
0 0.19085648 0.33639323 0.12800926 0.07304688
0 0.15439815 0.02115885 0.09629630 0.04231771
0 0.66388889 0.42604167 0.19814815 0.11302083
0 0.20150463 0.89329427 0.04328704 0.02669271
0 0.46759259 0.45957031 0.23425926 0.11679687
0 0.34710648 0.74075521 0.08773148 0.04973958
0 0.16678241 0.40488281 0.12615741 0.06601562
0 0.46192130 0.79856771 0.15578704 0.07552083