4 0.29830729 0.24039352 0.01536458 0.03541667
0 0.30625000 0.38854167 0.02890625 0.06875000
0 0.96503906 0.72060185 0.06992188 0.27546296
1 0.54427083 0.32256944 0.01197917 0.04143519
0 0.81419271 0.01990741 0.01666667 0.02222222
0 0.60748698 0.07361111 0.02096354 0.02407407
0 0.50904948 0.33923611 0.05846354 0.09976852
0 0.80234375 0.00891204 0.01250000 0.01782407
0 0.81738281 0.00694444 0.02382813 0.01388889
4 0.70201823 0.38958333 0.00690104 0.01342593
0 0.52819010 0.19907407 0.02721354 0.05416667
0 0.34335938 0.42013889 0.02968750 0.05416667
0 0.48684896 0.18622685 0.02369792 0.06689815
0 0.73847656 0.19733796 0.01627604 0.02523148
0 0.72096354 0.22696759 0.00911458 0.01782407
0 0.72721354 0.22754630 0.00651042 0.01157407
0 0.72688802 0.23854167 0.00950521 0.01365741
0 0.73743490 0.22384259 0.01835937 0.02731481
0 0.75286458 0.18854167 0.01406250 0.02060185
0 0.45455729 0.42384259 0.06276042 0.06203704
0 0.04505208 0.35428241 0.06041667 0.07523148
0 0.08541667 0.20972222 0.06484375 0.11990741
0 0.02734375 0.24884259 0.05468750 0.13796296
2 0.73964844 0.35555556 0.00872396 0.02037037
4 0.52122396 0.53032407 0.03125000 0.04166667
0 0.23385417 0.94097222 0.11145833 0.11805556
0 0.21393229 0.75891204 0.06458333 0.05856481
0 0.24309896 0.81817130 0.02604167 0.07893519
0 0.44121094 0.34479167 0.05169271 0.09467593
0 0.08450521 0.31724537 0.08281250 0.12291667
4 0.84440104 0.38854167 0.05703125 0.06504630
0 0.46113281 0.18761574 0.00950521 0.01412037
0 0.35690104 0.14386574 0.03645833 0.07013889
0 0.31666667 0.15810185 0.02994792 0.06666667
0 0.31510417 0.17152778 0.02838542 0.05277778
0 0.35227865 0.18055556 0.02877604 0.03564815
0 0.40520833 0.39166667 0.05156250 0.10694444
0 0.05800781 0.49675926 0.01184896 0.01435185
0 0.63535156 0.31261574 0.02122396 0.03865741
0 0.49199219 0.40752315 0.04674479 0.06736111
4 0.68229167 0.58379630 0.01197917 0.01527778