0 0.43118490 0.17106481 0.03710938 0.14212963
0 0.27500000 0.57013889 0.01875000 0.04120370
0 0.31061198 0.63819444 0.05351562 0.06296296
0 0.96315104 0.34849537 0.07369792 0.12291667
0 0.98085937 0.39953704 0.03828125 0.12546296
0 0.66966146 0.16458333 0.04166667 0.12546296
0 0.28658854 0.65509259 0.00963542 0.05185185
0 0.77910156 0.67928241 0.06549479 0.12615741
0 0.31380208 0.68645833 0.06093750 0.06365741
0 0.01653646 0.75833333 0.03307292 0.18888889
4 0.23111979 0.00844907 0.01067708 0.01689815
3 0.69023437 0.93784722 0.12890625 0.12430556
2 0.59296875 0.81122685 0.19557292 0.33541667
2 0.40618490 0.83865741 0.18919271 0.32268519
2 0.65657552 0.49178241 0.20820312 0.33958333
0 0.71783854 0.88287037 0.06588542 0.08657407
0 0.81653646 0.92326389 0.11979167 0.15347222
0 0.61419271 0.12789352 0.07578125 0.14745370
0 0.46979167 0.56678241 0.18697917 0.32013889