0 0.23402778 0.98873698 0.13796296 0.02252604
4 0.93356481 0.90312500 0.13287037 0.10000000
0 0.36886574 0.74563802 0.04837963 0.02226562
0 0.50671296 0.25807292 0.20324074 0.06015625
0 0.60567130 0.26009115 0.04282407 0.02278646
0 0.59027778 0.00670573 0.06574074 0.01341146
2 0.54548611 0.61855469 0.13402778 0.08867187
0 0.68356481 0.03723958 0.16851852 0.07447917
0 0.46215278 0.16686198 0.08495370 0.02565104
1 0.32858796 0.41855469 0.27199074 0.11601563
0 0.64062500 0.98151042 0.14236111 0.03697917
0 0.61701389 0.21725260 0.07384259 0.06705729
2 0.49317130 0.20833333 0.21967593 0.09270833
0 0.37581019 0.24707031 0.07939815 0.05664062
0 0.30150463 0.29049479 0.20856481 0.10364583
0 0.50567130 0.32415365 0.23449074 0.14179688
0 0.44467593 0.71953125 0.14722222 0.08750000
2 0.30763889 0.75130208 0.17083333 0.09635417
0 0.44571759 0.77903646 0.11319444 0.05625000