2 0.60065104 0.04224537 0.06822917 0.08449074
4 0.91100260 0.24780093 0.04101562 0.11504630
2 0.52760417 0.03715278 0.02682292 0.03263889
0 0.83164062 0.98819444 0.07213542 0.02361111
0 0.38320312 0.28761574 0.06510417 0.04375000
3 0.49121094 0.82939815 0.11705729 0.21203704
0 0.84563802 0.16759259 0.04075521 0.04722222
2 0.85208333 0.12442130 0.06536458 0.10347222
0 0.31223958 0.28472222 0.06328125 0.05000000
0 0.15585937 0.59571759 0.15598958 0.25439815
0 0.50598958 0.10648148 0.08385417 0.14398148
0 0.58593750 0.13553241 0.07708333 0.13495370
0 0.86888021 0.25289352 0.07187500 0.02800926
0 0.99596354 0.15370370 0.00807292 0.09027778
0 0.14498698 0.41550926 0.13919271 0.20324074