4 0.39720052 0.61944444 0.04778646 0.05138889
2 0.21236979 0.58599537 0.17578125 0.29375000
2 0.61080729 0.52615741 0.07031250 0.12268519
2 0.06979167 0.64293981 0.13958333 0.28078704
0 0.57037760 0.74571759 0.11263021 0.20023148
0 0.12011719 0.39513889 0.16992188 0.27685185
0 0.36334635 0.03819444 0.05820313 0.07638889
2 0.46197917 0.04594907 0.03385417 0.09189815
2 0.26699219 0.29872685 0.18216146 0.30532407
0 0.23027344 0.09305556 0.04466146 0.11296296
0 0.30768229 0.09988426 0.04166667 0.09699074
0 0.75722656 0.17141204 0.05976563 0.11319444
0 0.79498698 0.20972222 0.08059896 0.12453704
3 0.44453125 0.78437500 0.11770833 0.20115741
0 0.52955729 0.90289352 0.10468750 0.17754630