5 0.07174479 0.96388889 0.03020833 0.07222222
0 0.36347656 0.17106481 0.01393229 0.02870370
0 0.86751302 0.01782407 0.01575521 0.02824074
5 0.87773437 0.03622685 0.01848958 0.03263889
0 0.02272135 0.20995370 0.03398437 0.08379630
0 0.91992188 0.81284722 0.10104167 0.15995370
0 0.04973958 0.92465278 0.06380208 0.12615741
0 0.01901042 0.06793981 0.03802083 0.13587963
0 0.62213542 0.86145833 0.09010417 0.15486111
5 0.34824219 0.15752315 0.02148438 0.03912037
0 0.42766927 0.81678241 0.04023438 0.11550926