4 0.65546875 0.76840278 0.11640625 0.14745370
0 0.44225260 0.26122685 0.11106771 0.20023148
2 0.66946615 0.42395833 0.15351563 0.28125000
0 0.41308594 0.43356481 0.10013021 0.17314815
4 0.55585938 0.80185185 0.08151042 0.07407407
0 0.51074219 0.40046296 0.09908854 0.16018519
0 0.05605469 0.47164352 0.11210937 0.17060185
0 0.65449219 0.63136574 0.12460938 0.20717593
0 0.08157552 0.28240741 0.07903646 0.14259259
2 0.31529948 0.90891204 0.11236979 0.18217593
0 0.46334635 0.62534722 0.07903646 0.07476852
0 0.38750000 0.59467593 0.07187500 0.07268519
0 0.04088542 0.64768519 0.08177083 0.16388889
0 0.76731771 0.73333333 0.12890625 0.19768519
0 0.18391927 0.52256944 0.06757813 0.08078704
0 0.54615885 0.23611111 0.11054687 0.19305556
0 0.01080729 0.03483796 0.02161458 0.06967593
0 0.49147135 0.53541667 0.10611979 0.16759259
0 0.77135417 0.52303241 0.12812500 0.22708333
4 0.00709635 0.39907407 0.01419271 0.03888889
0 0.14687500 0.65983796 0.06302083 0.15254630