4 0.30253906 0.74791667 0.03606771 0.02361111
0 0.24010417 0.78287037 0.06171875 0.10833333
4 0.23769531 0.67615741 0.05533854 0.10138889
0 0.44029948 0.53761574 0.08372396 0.13217593
0 0.74843750 0.33113426 0.12317708 0.19328704
5 0.53554687 0.77037037 0.06536458 0.10138889
0 0.52897135 0.56053241 0.09388021 0.14143519
0 0.64472656 0.37916667 0.17408854 0.30324074
0 0.46256510 0.75497685 0.06393229 0.11319444
0 0.69967448 0.06087963 0.02304688 0.05046296
0 0.55859375 0.07546296 0.02604167 0.09953704
0 0.77864583 0.53449074 0.16458333 0.28611111
0 0.50188802 0.04814815 0.03606771 0.09629630
0 0.03984375 0.25393519 0.01744792 0.01435185
0 0.74576823 0.01643519 0.01523438 0.03287037
0 0.99335938 0.98784722 0.01328125 0.02430556
0 0.20683594 0.72870370 0.03841146 0.04444444
0 0.52226562 0.64756944 0.06510417 0.06875000
3 0.06542969 0.11331019 0.03346354 0.04467593
0 0.72031250 0.69351852 0.04895833 0.10462963
0 0.10442708 0.20844907 0.05755208 0.11319444
0 0.45690104 0.61909722 0.07890625 0.09143519
0 0.36692708 0.54560185 0.06718750 0.10972222
2 0.28873698 0.09375000 0.00794271 0.00925926
2 0.70299479 0.01643519 0.01692708 0.03101852
0 0.69342448 0.59236111 0.02877604 0.08379630
0 0.50638021 0.88564815 0.06822917 0.11990741
5 0.65305990 0.95289352 0.14257812 0.09421296
0 0.05703125 0.19317130 0.07317708 0.12615741
0 0.76510417 0.67418981 0.06536458 0.05671296
0 0.20957031 0.26215278 0.02825521 0.03773148
2 0.08294271 0.14108796 0.02187500 0.03773148
0 0.32721354 0.49305556 0.06901042 0.12731481
3 0.04674479 0.12847222 0.00546875 0.00740741