4 0.38009259 0.63580729 0.05787037 0.03203125
1 0.90127315 0.69029948 0.19745370 0.14570313
0 0.47187500 0.60742188 0.12106481 0.05104167
0 0.06412037 0.81608073 0.12824074 0.06627604
0 0.87094907 0.74348958 0.21643519 0.10104167
0 0.27025463 0.30468750 0.10902778 0.04687500
0 0.75254630 0.63554687 0.10972222 0.08125000
0 0.52777778 0.65559896 0.09722222 0.05416667
0 0.23252315 0.25735677 0.11550926 0.06523438
0 0.31851852 0.26139323 0.05925926 0.06002604
0 0.94803241 0.25266927 0.10393519 0.07617188
0 0.91111111 0.17265625 0.08148148 0.03489583
0 0.90312500 0.08157552 0.19375000 0.16315104
0 0.82650463 0.53268229 0.24699074 0.09192708
0 0.06666667 0.87467448 0.13333333 0.07747396
0 0.16365741 0.89316406 0.08981481 0.07981771
0 0.02766204 0.05709635 0.05532407 0.05325521
0 0.38969907 0.25143229 0.09745370 0.06171875
0 0.38240741 0.60813802 0.04675926 0.03059896
0 0.06817130 0.99192708 0.03912037 0.01614583
0 0.06030093 0.97688802 0.03171296 0.01992187
0 0.12800926 0.84355469 0.03101852 0.02122396
0 0.97685185 0.17220052 0.04629630 0.02122396
0 0.06493056 0.05553385 0.03587963 0.02486979
0 0.20381944 0.91393229 0.03541667 0.02291667