0 0.98528646 0.36701389 0.02942708 0.12430556
0 0.01666667 0.18518519 0.03333333 0.08148148
0 0.62617188 0.04560185 0.03984375 0.09120370
0 0.49173177 0.38726852 0.05039063 0.17222222
4 0.17154948 0.56944444 0.10664063 0.11620370
0 0.91139323 0.31099537 0.06445312 0.10069444
0 0.21451823 0.05729167 0.03606771 0.05069444
4 0.06940104 0.38692130 0.02526042 0.04976852
0 0.86562500 0.54456019 0.04270833 0.14282407
0 0.96276042 0.26481481 0.07005208 0.10000000
4 0.84811198 0.12245370 0.02174479 0.04120370
0 0.05618490 0.30011574 0.04414063 0.08541667
0 0.11269531 0.23680556 0.13476562 0.25277778
4 0.70039063 0.53819444 0.05598958 0.06064815
0 0.16822917 0.08113426 0.09192708 0.08912037
5 0.75429687 0.51805556 0.03906250 0.08888889
4 0.09928385 0.43078704 0.04023438 0.08888889