4 0.58046875 0.51238426 0.11640625 0.17800926
3 0.91464844 0.92511574 0.11523438 0.14976852
0 0.96171875 0.17951389 0.07656250 0.10625000
0 0.35820313 0.07962963 0.06796875 0.08750000
4 0.33190104 0.31319444 0.07265625 0.10231481
0 0.34622396 0.01574074 0.04062500 0.03148148
0 0.13320313 0.10925926 0.04505208 0.04398148
0 0.21015625 0.05567130 0.10390625 0.11134259
0 0.28046875 0.06273148 0.07968750 0.10416667
0 0.49329427 0.51273148 0.08242188 0.16111111
0 0.39134115 0.28923611 0.08320312 0.15347222
4 0.14973958 0.08229167 0.07369792 0.08726852
0 0.25605469 0.29641204 0.08450521 0.15069444
0 0.40312500 0.09710648 0.02630208 0.08310185
0 0.20924479 0.16053241 0.07369792 0.11597222
0 0.25006510 0.12430556 0.03658854 0.04722222
5 0.09095052 0.07453704 0.05351562 0.09629630
0 0.65970052 0.01944444 0.05768229 0.03888889