0 0.81595052 0.12592593 0.02122396 0.05092593
0 0.25384115 0.18472222 0.09440104 0.11203704
4 0.05292969 0.47766204 0.01992188 0.09004630
4 0.70260417 0.84016204 0.18828125 0.31828704
0 0.42246094 0.13182870 0.06419271 0.11967593
0 0.51614583 0.72870370 0.13932292 0.23611111
0 0.60410156 0.20462963 0.02304688 0.18472222
0 0.98736979 0.47951389 0.02526042 0.03958333
0 0.22233073 0.22847222 0.10377604 0.13101852
4 0.92063802 0.03078704 0.03320312 0.04120370
0 0.60533854 0.70543981 0.07421875 0.10532407
4 0.41953125 0.89976852 0.14010417 0.20046296
0 0.90904948 0.71759259 0.08268229 0.11574074