0 0.44466146 0.51250000 0.11822917 0.15277778
0 0.82832031 0.49583333 0.07799479 0.09305556
0 0.01868490 0.55509259 0.01783854 0.10694444
0 0.42799479 0.10185185 0.12552083 0.20370370
4 0.02656250 0.39050926 0.05312500 0.16388889
0 0.36523438 0.06863426 0.02656250 0.13726852
4 0.01113281 0.30127315 0.02226563 0.09375000
0 0.17786458 0.10659722 0.04192708 0.08680556
0 0.14277344 0.02418981 0.02591146 0.04375000
4 0.36035156 0.69340278 0.10403646 0.19791667
0 0.11738281 0.12951389 0.05533854 0.05069444
0 0.51380208 0.86608796 0.15989583 0.25115741
3 0.05963542 0.12268519 0.06458333 0.08842593
4 0.59733073 0.64988426 0.16888021 0.32986111
0 0.52278646 0.50810185 0.07864583 0.09768519