0 0.04674479 0.40335648 0.07890625 0.14328704
0 0.80084635 0.29583333 0.08554688 0.14351852
0 0.76933594 0.22430556 0.13059896 0.22129630
2 0.45195313 0.66805556 0.11406250 0.17407407
0 0.02011719 0.86759259 0.04023438 0.19953704
0 0.76542969 0.34502315 0.01471354 0.02060185
0 0.02272135 0.01747685 0.04544271 0.03495370
0 0.18886719 0.38738426 0.07877604 0.12986111
4 0.38977865 0.51087963 0.08658854 0.14444444
0 0.99440104 0.07581019 0.01119792 0.15162037
0 0.73274740 0.30462963 0.04153646 0.05740741
0 0.72102865 0.14155093 0.09049479 0.17986111
0 0.81132812 0.36956019 0.06145833 0.05949074
0 0.34915365 0.92094907 0.10351562 0.15810185
0 0.85579427 0.29490741 0.05481771 0.09907407
0 0.09908854 0.86377315 0.12526042 0.21597222
0 0.07591146 0.06620370 0.09479167 0.13240741
5 0.48658854 0.49375000 0.11484375 0.21018519
4 0.57936198 0.48483796 0.07799479 0.12800926
4 0.13964844 0.57233796 0.09257813 0.12199074
0 0.30664062 0.65185185 0.15182292 0.23194444
0 0.01308594 0.42291667 0.02617188 0.11990741
4 0.36126302 0.55578704 0.12486979 0.20694444