3 0.47164352 0.02656250 0.17106481 0.05312500
2 0.67870370 0.12128906 0.28472222 0.15559896
0 0.60902778 0.03723958 0.13657407 0.07447917
0 0.54270833 0.08372396 0.06087963 0.03958333
0 0.07905093 0.86699219 0.05671296 0.02825521
2 0.13078704 0.20885417 0.03425926 0.01692708
2 0.11446759 0.24407552 0.04884259 0.01158854
2 0.10300926 0.41894531 0.05370370 0.03763021
4 0.92152778 0.41386719 0.15694444 0.10559896
2 0.20266204 0.31529948 0.05023148 0.03242187
0 0.48263889 0.09661458 0.11759259 0.09010417
0 0.98078704 0.31985677 0.03842593 0.05690104
0 0.38958333 0.81464844 0.17685185 0.09179688
4 0.01909722 0.64218750 0.03819444 0.03489583
3 0.47500000 0.25709635 0.26203704 0.16497396
0 0.32013889 0.83437500 0.09212963 0.07161458
0 0.47268519 0.08964844 0.08425926 0.04934896
0 0.77893519 0.90332031 0.04861111 0.02200521
0 0.47337963 0.86009115 0.08055556 0.03190104
0 0.00891204 0.21074219 0.01782407 0.03372396
0 0.73032407 0.25683594 0.26018519 0.15611979
0 0.89155093 0.98001302 0.07754630 0.03997396
0 0.56921296 0.83430990 0.13287037 0.10768229
0 0.45381944 0.77311198 0.15671296 0.06679687
0 0.84456019 0.92727865 0.12384259 0.06914062
4 0.77766204 0.95846354 0.16875000 0.08307292
0 0.07557870 0.17662760 0.15115741 0.07825521