0 0.16898148 0.43873698 0.06157407 0.02096354
0 0.13495370 0.77005208 0.02777778 0.01666667
0 0.15983796 0.40533854 0.09328704 0.05494792
0 0.60439815 0.88196615 0.19074074 0.08632813
0 0.62141204 0.06523438 0.09097222 0.04166667
0 0.29965278 0.03203125 0.05208333 0.01250000
0 0.17476852 0.03242188 0.11759259 0.06484375
0 0.49537037 0.78444010 0.09259259 0.06861979
0 0.03240741 0.39954427 0.06481481 0.05455729
0 0.70138889 0.38489583 0.13101852 0.06223958
0 0.10196759 0.40937500 0.07106481 0.06145833
4 0.57418981 0.01875000 0.13171296 0.03750000
0 0.04629630 0.45273438 0.09259259 0.04791667
0 0.27569444 0.70481771 0.02037037 0.00937500
0 0.29675926 0.76972656 0.09768519 0.05325521
0 0.56111111 0.68613281 0.22407407 0.09257812
0 0.74039352 0.76451823 0.15069444 0.10143229
1 0.65543981 0.83183594 0.23078704 0.14596354
4 0.66250000 0.15000000 0.24768519 0.15442708
0 0.65810185 0.29342448 0.24768519 0.13398437