4 0.78001302 0.16273148 0.08971354 0.14907407
4 0.50292969 0.05243056 0.05820312 0.09652778
4 0.08372396 0.14768519 0.08307292 0.16759259
0 0.21354167 0.20162037 0.07942708 0.09722222
0 0.46113281 0.11793981 0.06940104 0.15578704
0 0.86816406 0.40138889 0.06757813 0.09490741
0 0.82239583 0.22673611 0.02135417 0.03495370
0 0.80143229 0.33402778 0.07578125 0.08518519
0 0.82044271 0.20289352 0.05859375 0.10300926
0 0.22617187 0.94409722 0.09348958 0.11180556
4 0.76210938 0.98819444 0.07942708 0.02361111
4 0.28925781 0.97210648 0.09179688 0.05578704
0 0.78222656 0.36296296 0.06054688 0.08564815
0 0.52545573 0.16284722 0.07539062 0.13356481
2 0.02662760 0.77500000 0.05325521 0.11435185
0 0.41347656 0.64606481 0.08528646 0.17453704
0 0.51868490 0.22638889 0.07669271 0.08148148
0 0.54596354 0.30625000 0.06536458 0.11481481
4 0.34479167 0.60462963 0.13854167 0.22361111
0 0.39244792 0.48217593 0.09817708 0.16203704
0 0.55195313 0.10694444 0.01119792 0.02777778
0 0.57532552 0.11388889 0.04492188 0.09074074
0 0.48300781 0.28969907 0.05481771 0.04976852
0 0.02291667 0.19872685 0.04583333 0.07939815