0 0.69759115 0.09733796 0.07148437 0.12986111
0 0.91861979 0.03912037 0.12473958 0.07824074
0 0.51673177 0.31469907 0.07070313 0.13865741
0 0.06061198 0.38611111 0.09049479 0.13981481
0 0.46445313 0.38738426 0.07890625 0.13958333
0 0.70026042 0.17407407 0.03203125 0.03842593
4 0.03053385 0.42777778 0.06106771 0.09444444
0 0.61315104 0.12326389 0.03411458 0.07615741
0 0.01699219 0.32222222 0.03398437 0.13657407
2 0.00970052 0.16527778 0.01940104 0.17083333
0 0.07135417 0.23564815 0.10052083 0.16342593
3 0.61666667 0.00752315 0.03515625 0.01504630
1 0.41451823 0.32928241 0.06445312 0.14189815