0 0.78796296 0.69348958 0.12916667 0.11484375
0 0.77604167 0.56080729 0.08032407 0.02656250
0 0.17245370 0.10286458 0.07916667 0.02552083
0 0.85833333 0.86139323 0.14953704 0.09492187
2 0.01041667 0.29609375 0.02083333 0.05000000
0 0.04155093 0.72011719 0.08310185 0.05195313
0 0.61597222 0.60006510 0.11851852 0.01601562
4 0.88680556 0.11510417 0.14166667 0.07994792
0 0.40659722 0.63424479 0.03356481 0.03177083
0 0.75185185 0.87044271 0.09212963 0.07005208
0 0.51886574 0.62161458 0.12245370 0.05833333
2 0.74756944 0.79322917 0.15810185 0.08958333