0 0.49363426 0.57311198 0.22986111 0.12695312
0 0.59733796 0.99140625 0.14791667 0.01718750
0 0.58958333 0.92584635 0.11990741 0.07018229
0 0.68668981 0.96946615 0.15486111 0.06106771
0 0.94421296 0.55188802 0.11157407 0.08476562
0 0.61192130 0.29153646 0.13449074 0.08463542
0 0.18020833 0.38398437 0.15856481 0.09557292
0 0.23738426 0.30644531 0.13958333 0.07877604
0 0.71666667 0.67447917 0.15324074 0.09479167
4 0.13090278 0.51445312 0.25486111 0.14947917
1 0.33923611 0.55481771 0.21643519 0.13984375
3 0.08414352 0.30455729 0.16828704 0.10494792
4 0.56631944 0.21751302 0.15439815 0.09283854
4 0.82893519 0.69960937 0.16574074 0.10494792
0 0.43379630 0.70000000 0.24814815 0.15312500
0 0.48391204 0.28300781 0.14097222 0.08190104
0 0.14733796 0.07988281 0.11782407 0.07877604
0 0.20810185 0.68958333 0.27037037 0.14843750
0 0.50925926 0.97480469 0.11712963 0.05039063
0 0.79560185 0.76549479 0.15277778 0.08854167