4 0.24088542 0.35092593 0.07395833 0.08564815
4 0.69993490 0.62534722 0.14414063 0.26643519
0 0.66822917 0.68148148 0.03255208 0.09444444
3 0.92897135 0.51030093 0.09726563 0.14791667
4 0.96933594 0.37060185 0.06132812 0.17638889
0 0.25045573 0.28703704 0.07486979 0.10277778
0 0.56796875 0.69479167 0.09791667 0.15810185
0 0.84583333 0.14745370 0.12031250 0.22407407
0 0.74752604 0.84386574 0.12708333 0.21041667
0 0.50683594 0.15277778 0.07799479 0.15416667
0 0.67428385 0.92083333 0.04648438 0.08472222
0 0.60852865 0.84293981 0.10638021 0.17569444
0 0.84492188 0.01921296 0.02161458 0.03564815
0 0.99596354 0.14814815 0.00807292 0.08564815
0 0.96080729 0.40671296 0.05286458 0.10833333
0 0.77701823 0.26296296 0.03007813 0.09629630
0 0.57382812 0.60185185 0.04531250 0.03796296