4 0.55364583 0.52175926 0.15833333 0.22824074
4 0.87916667 0.18958333 0.08645833 0.10416667
0 0.55514323 0.72615741 0.14986979 0.26157407
4 0.98854167 0.20046296 0.02291667 0.04398148
0 0.67395833 0.75150463 0.12083333 0.22847222
0 0.22740885 0.03252315 0.09361979 0.05578704
0 0.22031250 0.00682870 0.06484375 0.01365741
0 0.44967448 0.22719907 0.05690104 0.04421296
0 0.55520833 0.39224537 0.10052083 0.08587963
0 0.15930990 0.18946759 0.08372396 0.15717593
0 0.82343750 0.28506944 0.03255208 0.11458333
0 0.78945312 0.21898148 0.06276042 0.09675926
3 0.87988281 0.27372685 0.08606771 0.14467593
1 0.69850260 0.54178241 0.14205729 0.24421296
2 0.39036458 0.20590278 0.06979167 0.08310185
0 0.36868490 0.02349537 0.13216146 0.04699074
3 0.22486979 0.13078704 0.12890625 0.21944444