3 0.01990741 0.46145833 0.03981481 0.06484375
3 0.67187500 0.52584635 0.15532407 0.08919271
0 0.06099537 0.97721354 0.12199074 0.04557292
0 0.38171296 0.93704427 0.08888889 0.06549479
0 0.66828704 0.33404948 0.21203704 0.12434896
0 0.24016204 0.05533854 0.08356481 0.04218750
0 0.97280093 0.83919271 0.05439815 0.08203125
2 0.45590278 0.33391927 0.11412037 0.05013021
0 0.64131944 0.60709635 0.13171296 0.06835938
0 0.18657407 0.02057292 0.09351852 0.04114583
0 0.54965278 0.37337240 0.14097222 0.06679688
0 0.41747685 0.98365885 0.08449074 0.03268229
0 0.76678241 0.58802083 0.14837963 0.09010417
0 0.70787037 0.22154948 0.11064815 0.10664062