2 0.08697917 0.50879630 0.06354167 0.04351852
4 0.82949219 0.74942130 0.12539062 0.14791667
0 0.72252604 0.83263889 0.09947917 0.15833333
5 0.89270833 0.68888889 0.11901042 0.20092593
0 0.03580729 0.77361111 0.07135417 0.10462963
4 0.48919271 0.68379630 0.08359375 0.12083333
0 0.47506510 0.06851852 0.07617188 0.13703704
4 0.25312500 0.42488426 0.08151042 0.13680556
0 0.25338542 0.53460648 0.06562500 0.08449074
4 0.77903646 0.71504630 0.09166667 0.18472222
0 0.44472656 0.94930556 0.09960938 0.10138889
2 0.90468750 0.86006944 0.04270833 0.15208333
0 0.31627604 0.49340278 0.07031250 0.12013889
0 0.39375000 0.07476852 0.09427083 0.14953704
0 0.55032552 0.95567130 0.10820312 0.08865741
0 0.77539062 0.12210648 0.11979167 0.24421296
4 0.12382812 0.74363426 0.12630208 0.21736111
0 0.52968750 0.50277778 0.07395833 0.13101852
0 0.04895833 0.90208333 0.09791667 0.19583333
0 0.40312500 0.50532407 0.07135417 0.14027778
4 0.94765625 0.65613426 0.06510417 0.13912037
0 0.45000000 0.17731481 0.08307292 0.14259259
0 0.82968750 0.89537037 0.14296875 0.20925926