4 0.56061198 0.45856481 0.07669271 0.13009259
0 0.81809896 0.30543981 0.07005208 0.08078704
0 0.70696615 0.18113426 0.09205729 0.15300926
0 0.38417969 0.51574074 0.06888021 0.16342593
0 0.80742187 0.09259259 0.09140625 0.16712963
0 0.87194010 0.16574074 0.03919271 0.12407407
0 0.48352865 0.48414352 0.03945313 0.05717593
3 0.22662760 0.23506944 0.16835937 0.25486111
0 0.47011719 0.72951389 0.08658854 0.15115741
4 0.19934896 0.08287037 0.08359375 0.08240741
0 0.52102865 0.53425926 0.05221354 0.10370370