4 0.60644531 0.62928241 0.10742188 0.17245370
0 0.27832031 0.58715278 0.09388021 0.17847222
0 0.33776042 0.52303241 0.12031250 0.21782407
0 0.20006510 0.40833333 0.09153646 0.13981481
0 0.23326823 0.39803241 0.04934896 0.13078704
4 0.13899740 0.96886574 0.11497396 0.06226852
4 0.68854167 0.44386574 0.09114583 0.15162037
0 0.86308594 0.59791667 0.08424479 0.13009259
0 0.94440104 0.58148148 0.09895833 0.14444444
0 0.74147135 0.72256944 0.09283854 0.15856481
0 0.01458333 0.54583333 0.02916667 0.04166667
0 0.69915365 0.33981481 0.08893229 0.13518519
4 0.70410156 0.62002315 0.09752604 0.17569444
2 0.15273438 0.33391204 0.07890625 0.14699074
0 0.34811198 0.39467593 0.10898437 0.16990741
3 0.64010417 0.55254630 0.05052083 0.04722222
3 0.51191406 0.79918981 0.08658854 0.14699074