0 0.51621094 0.66979167 0.06705729 0.11412037
0 0.06757813 0.02997685 0.05729167 0.05995370
0 0.73118490 0.48159722 0.04023438 0.10162037
0 0.21998698 0.53055556 0.03789062 0.04490741
0 0.45169271 0.30335648 0.08359375 0.13356481
0 0.53333333 0.41620370 0.06692708 0.07268519
0 0.46809896 0.38726852 0.07812500 0.09212963
0 0.37773437 0.33958333 0.06927083 0.11203704
0 0.04511719 0.05833333 0.01705729 0.01666667
0 0.10703125 0.03518519 0.05833333 0.07037037
0 0.40358073 0.28518519 0.06132813 0.10509259
0 0.77441406 0.43483796 0.06966146 0.10810185
0 0.68834635 0.39143519 0.04648437 0.08842593
2 0.68111979 0.94699074 0.12604167 0.10601852
0 0.77187500 0.07129630 0.10260417 0.14259259
5 0.54459635 0.56157407 0.06497396 0.09722222
0 0.47265625 0.54733796 0.06302083 0.11041667
0 0.65826823 0.12152778 0.17278646 0.24305556
0 0.33684896 0.29108796 0.07005208 0.12708333
0 0.80260417 0.91111111 0.13098958 0.17777778
0 0.20449219 0.08726852 0.01575521 0.04861111
0 0.79023438 0.24467593 0.16536458 0.27916667
0 0.21796875 0.96967593 0.07864583 0.05601852
4 0.98717448 0.91828704 0.02565104 0.13240741
3 0.97558594 0.79525463 0.04882812 0.13634259
4 0.24830729 0.48101852 0.05338542 0.09953704
0 0.73014323 0.37048611 0.05768229 0.09513889
0 0.25377604 0.58680556 0.06041667 0.10185185
4 0.31399740 0.59155093 0.03294271 0.09930556
5 0.66178385 0.77002315 0.14205729 0.24560185
0 0.15371094 0.97083333 0.06132813 0.04814815
0 0.55716146 0.32245370 0.05833333 0.13472222