4 0.31289062 0.51712963 0.05651042 0.06898148
4 0.86783854 0.71770833 0.08229167 0.13865741
4 0.55533854 0.61296296 0.08385417 0.14537037
0 0.93977865 0.73425926 0.07486979 0.08425926
0 0.89492187 0.66412037 0.02031250 0.01759259
0 0.96243490 0.73402778 0.04934896 0.10462963
0 0.26321615 0.60173611 0.06210937 0.14976852
2 0.70143229 0.15856481 0.02213542 0.05740741
0 0.31516927 0.78182870 0.05846354 0.10671296
0 0.74414062 0.15740741 0.06666667 0.15277778
0 0.03899740 0.72465278 0.07799479 0.12847222
0 0.59837240 0.67569444 0.01992187 0.02314815
0 0.59238281 0.77418981 0.07096354 0.08634259
0 0.76699219 0.25428241 0.05247396 0.06921296
0 0.82213542 0.25324074 0.08567708 0.10046296
0 0.81569010 0.17094907 0.09544271 0.16597222
0 0.08216146 0.24652778 0.07916667 0.13518519
2 0.16601562 0.05243056 0.02343750 0.03773148
0 0.06608073 0.33819444 0.06888021 0.12268519
0 0.01432292 0.28831019 0.02864583 0.12847222
0 0.00774740 0.37708333 0.01549479 0.05416667
0 0.33795573 0.70497685 0.06575521 0.05763889
0 0.61328125 0.63287037 0.05234375 0.12407407
0 0.32128906 0.64062500 0.07356771 0.13356481
0 0.37877604 0.57835648 0.04739583 0.09745370
0 0.13906250 0.96122685 0.11276042 0.07754630
0 0.37792969 0.76400463 0.06627604 0.12152778
0 0.68873698 0.82743056 0.06471354 0.11458333
0 0.61621094 0.78101852 0.05143229 0.10231481