4 0.15289352 0.99381510 0.03449074 0.00924479
2 0.83298611 0.79947917 0.24837963 0.15677083
0 0.67164352 0.08736979 0.22662037 0.14427083
4 0.07233796 0.11816406 0.14467593 0.08789062
4 0.62372685 0.29414062 0.07152778 0.06848958
0 0.20347222 0.25703125 0.24120370 0.16927083
0 0.56307870 0.19687500 0.29467593 0.16406250
3 0.26678241 0.05911458 0.30578704 0.11822917
0 0.23564815 0.41061198 0.27685185 0.15638021
4 0.02534722 0.76145833 0.05069444 0.03437500
0 0.43645833 0.14609375 0.18495370 0.13385417
0 0.57500000 0.04238281 0.31851852 0.08476562