0 0.96979167 0.67523148 0.06041667 0.24074074
4 0.38769531 0.40393519 0.06653646 0.13518519
4 0.05416667 0.61087963 0.09348958 0.15000000
4 0.42558594 0.43344907 0.08632812 0.12893519
0 0.61907552 0.32962963 0.06080729 0.10694444
0 0.89518229 0.43807870 0.19609375 0.31226852
0 0.10970052 0.66134259 0.06132812 0.04675926
4 0.36673177 0.64062500 0.05794271 0.10069444
0 0.85312500 0.66435185 0.20130208 0.31435185
0 0.10605469 0.58449074 0.01783854 0.01574074
3 0.01354167 0.65891204 0.02708333 0.10162037