0 0.79192708 0.26782407 0.02343750 0.05555556
2 0.67552083 0.64861111 0.02604167 0.06944444
2 0.69003906 0.60543981 0.00690104 0.02245370
0 0.99055990 0.56122685 0.01888021 0.16828704
0 0.82213542 0.28668981 0.06718750 0.10763889
3 0.78203125 0.69918981 0.11432292 0.18634259
0 0.61920573 0.20439815 0.10742188 0.19305556
0 0.70234375 0.29039352 0.10937500 0.18263889
0 0.02141927 0.10277778 0.03346354 0.05277778
0 0.89680990 0.28298611 0.08268229 0.12245370
0 0.75683594 0.22893519 0.05820312 0.11157407
0 0.02721354 0.26851852 0.05442708 0.10601852
0 0.72467448 0.63009259 0.07851562 0.13101852
0 0.78593750 0.08946759 0.12916667 0.17893519
0 0.69238281 0.03437500 0.04023438 0.06875000
0 0.69401042 0.74039352 0.08203125 0.14050926
0 0.98619792 0.91516204 0.02760417 0.13958333
0 0.86243490 0.33518519 0.05299479 0.08750000
0 0.96080729 0.67743056 0.01328125 0.01597222
0 0.99785156 0.68425926 0.00429687 0.02129630