3 0.36015625 0.57152778 0.04401042 0.14351852
0 0.32324219 0.47986111 0.05481771 0.09629630
5 0.97500000 0.97395833 0.05000000 0.05208333
4 0.45175781 0.82488426 0.03242187 0.03263889
2 0.18580729 0.41134259 0.03229167 0.05231481
0 0.97187500 0.09386574 0.05625000 0.11504630
0 0.69459635 0.61643519 0.05768229 0.06388889
0 0.37832031 0.14502315 0.19023438 0.29004630
0 0.66621094 0.50983796 0.09023437 0.14976852
0 0.50703125 0.20833333 0.13046875 0.19583333
4 0.76302083 0.94710648 0.12057292 0.10578704
0 0.84348958 0.15277778 0.06822917 0.11574074
4 0.76959635 0.42256944 0.01523438 0.04189815
0 0.02057292 0.14108796 0.04114583 0.11087963
0 0.23704427 0.50879630 0.03424479 0.12453704
0 0.89915365 0.08275463 0.06940104 0.12800926
4 0.29114583 0.82384259 0.06979167 0.07314815
0 0.52552083 0.07372685 0.11171875 0.14745370
0 0.08092448 0.53738426 0.05507812 0.08587963