0 0.49687500 0.59114583 0.10208333 0.06223958
0 0.41539352 0.00950521 0.13819444 0.01901042
0 0.28564815 0.66686198 0.26805556 0.16705729
0 0.07326389 0.28743490 0.09282407 0.06106771
0 0.74803241 0.78222656 0.23495370 0.14127604
0 0.51770833 0.44915365 0.08171296 0.05013021
0 0.34953704 0.18118490 0.09490741 0.06080729
0 0.61446759 0.96510417 0.06365741 0.02734375
0 0.81006944 0.92532552 0.31504630 0.14934896
0 0.64733796 0.92662760 0.05717593 0.07513021
0 0.35277778 0.14856771 0.09120370 0.05078125
0 0.97395833 0.90117187 0.05208333 0.03098958
0 0.45763889 0.57506510 0.04861111 0.04596354
0 0.96400463 0.95813802 0.07199074 0.08372396
0 0.07754630 0.59824219 0.15509259 0.12695312
0 0.92997685 0.84544271 0.09282407 0.10703125
0 0.26250000 0.58886719 0.22870370 0.08346354
0 0.12893519 0.77246094 0.25787037 0.09049479
0 0.46261574 0.14186198 0.09606481 0.06914062
0 0.35925926 0.56399740 0.04953704 0.01471354
0 0.46678241 0.34947917 0.09189815 0.05781250
0 0.98229167 0.85039062 0.03541667 0.10208333
0 0.50601852 0.52688802 0.11342593 0.06731771
0 0.92291667 0.74544271 0.15416667 0.11901042
4 0.56921296 0.12825521 0.09351852 0.07005208
4 0.50254630 0.39843750 0.09351852 0.05572917
0 0.38611111 0.52128906 0.13009259 0.07148437