4 0.77845052 0.25023148 0.06549479 0.11574074
0 0.83437500 0.18796296 0.13958333 0.21527778
4 0.55156250 0.42060185 0.05859375 0.09861111
3 0.02981771 0.36585648 0.05963542 0.10856481
2 0.57141927 0.84340278 0.09596354 0.17199074
0 0.78932292 0.05138889 0.06979167 0.10277778
2 0.30403646 0.91076389 0.11901042 0.17847222
2 0.02304688 0.57175926 0.04609375 0.18796296
0 0.80917969 0.33287037 0.06783854 0.05694444
0 0.06471354 0.04259259 0.08802083 0.08518519
0 0.98131510 0.25509259 0.03736979 0.12777778
0 0.90638021 0.05868056 0.15130208 0.11736111
0 0.72578125 0.16099537 0.07890625 0.13587963
0 0.84960938 0.30104167 0.07552083 0.09375000
0 0.71614583 0.04907407 0.11510417 0.09814815
0 0.01614583 0.02800926 0.03229167 0.05601852
0 0.97565104 0.57673611 0.04869792 0.16319444
0 0.41816406 0.05347222 0.05377604 0.10694444