0 0.97207031 0.03611111 0.01132813 0.01666667
0 0.31985677 0.39687500 0.06835938 0.08495370
4 0.05664062 0.17511574 0.06953125 0.09837963
0 0.72207031 0.86979167 0.15325521 0.23310185
0 0.34654948 0.30555556 0.05976562 0.10138889
0 0.95091146 0.62384259 0.09192708 0.16527778
0 0.01282552 0.17083333 0.02565104 0.09259259
4 0.44895833 0.05486111 0.07656250 0.10972222
1 0.60377604 0.67002315 0.14192708 0.25347222
2 0.01250000 0.68298611 0.02500000 0.16597222
0 0.88964844 0.69201389 0.10351562 0.16550926
4 0.98111979 0.01307870 0.03151042 0.01458333
0 0.59231771 0.89247685 0.12968750 0.21504630
4 0.74446615 0.60277778 0.17721354 0.31944444
0 0.63125000 0.03321759 0.13098958 0.06643519
0 0.39121094 0.02372685 0.05403646 0.04745370
3 0.97903646 0.07233796 0.03489583 0.05763889
0 0.82102865 0.03587963 0.01210937 0.04907407