0 0.39976852 0.80507813 0.08101852 0.04817708
0 0.39328704 0.29798177 0.11203704 0.06679687
0 0.35358796 0.35019531 0.08217593 0.03945313
0 0.74143519 0.11035156 0.11666667 0.06783854
0 0.73078704 0.04596354 0.18194444 0.09192708
4 0.96238426 0.77304687 0.07523148 0.09114583
4 0.42951389 0.81204427 0.09699074 0.02591146
0 0.82476852 0.03906250 0.09351852 0.07812500
0 0.27847222 0.27415365 0.11574074 0.03268229
0 0.62928241 0.01627604 0.05763889 0.02734375
4 0.44884259 0.06035156 0.22361111 0.12070312
0 0.44108796 0.21868490 0.08078704 0.05924479
0 0.71365741 0.42669271 0.11851852 0.07890625
0 0.82523148 0.42226562 0.14120370 0.08203125
2 0.58136574 0.11158854 0.21921296 0.12005208