4 0.38548177 0.95092593 0.09075521 0.09814815
4 0.79186198 0.73067130 0.14986979 0.26365741
0 0.24654948 0.53229167 0.09101562 0.15763889
3 0.67259115 0.72789352 0.11106771 0.21828704
0 0.56328125 0.04780093 0.14635417 0.09560185
3 0.92070312 0.82847222 0.09609375 0.16620370
4 0.93268229 0.01886574 0.03463542 0.03773148
0 0.56386719 0.47118056 0.10065104 0.17615741
0 0.58404948 0.31192130 0.06289062 0.17245370
0 0.48014323 0.37256944 0.07799479 0.18865741
0 0.61894531 0.47245370 0.06757812 0.16759259
0 0.15996094 0.50763889 0.09179688 0.15000000
0 0.40065104 0.05277778 0.17916667 0.10555556
0 0.02805990 0.75023148 0.05611979 0.19120370