3 0.15219907 0.53802083 0.09282407 0.08437500
4 0.42858796 0.05403646 0.17291667 0.10390625
1 0.34074074 0.53339844 0.16250000 0.10768229
0 0.27210648 0.45332031 0.17106481 0.08450521
3 0.67731481 0.10149740 0.11250000 0.06861979
0 0.66550926 0.95865885 0.07592593 0.05455729
0 0.90138889 0.31471354 0.11990741 0.07994792
3 0.61273148 0.86718750 0.03611111 0.02994792
0 0.20879630 0.73320312 0.05370370 0.03932292
0 0.54884259 0.04108073 0.13657407 0.08216146
3 0.34652778 0.26634115 0.04953704 0.02434896
3 0.52511574 0.09010417 0.08356481 0.02473958
1 0.81064815 0.71966146 0.16296296 0.08046875
3 0.58159722 0.11451823 0.11412037 0.06914062
0 0.72002315 0.05221354 0.08217593 0.04687500
3 0.65648148 0.69453125 0.14814815 0.04427083
0 0.42488426 0.11712240 0.12199074 0.05664062
0 0.65567130 0.03125000 0.09236111 0.06250000
4 0.96770833 0.30312500 0.06458333 0.08880208
5 0.23171296 0.55690104 0.22777778 0.12500000
4 0.61631944 0.16308594 0.07893519 0.04726562
2 0.20798611 0.00950521 0.06689815 0.01901042