4 0.43333333 0.78750000 0.10807292 0.16064815
0 0.72786458 0.77523148 0.03723958 0.08842593
0 0.86627604 0.74965278 0.08567708 0.16875000
0 0.00247396 0.19398148 0.00494792 0.02824074
4 0.01210938 0.18483796 0.02005208 0.03495370
4 0.06009115 0.00856481 0.01523437 0.01712963
0 0.09726562 0.03344907 0.01328125 0.01875000
0 0.98626302 0.68668981 0.02747396 0.09837963
0 0.27115885 0.02002315 0.02434896 0.04004630
0 0.05175781 0.37094907 0.02851562 0.03773148
0 0.25149740 0.02766204 0.01705729 0.03032407
0 0.33691406 0.01203704 0.02044271 0.02407407
4 0.78971354 0.22118056 0.02864583 0.03912037
0 0.93417969 0.81087963 0.07044271 0.07962963
4 0.50833333 0.10532407 0.03281250 0.05092593
4 0.79251302 0.74097222 0.10924479 0.16666667
0 0.96250000 0.19016204 0.02291667 0.02060185
4 0.98365885 0.56319444 0.03268229 0.16805556
4 0.29296875 0.73356481 0.10807292 0.12407407
0 0.80611979 0.23587963 0.03359375 0.05462963
2 0.97656250 0.16226852 0.02838542 0.04351852
3 0.06184896 0.83645833 0.12369792 0.27060185