0 0.04502315 0.79055990 0.09004630 0.11210937
0 0.46736111 0.13098958 0.14907407 0.08984375
0 0.58136574 0.51412760 0.14884259 0.08372396
0 0.05092593 0.40664062 0.10185185 0.10911458
0 0.16192130 0.62200521 0.09745370 0.05677083
0 0.04826389 0.30221354 0.09652778 0.14088542
2 0.62962963 0.97174479 0.14166667 0.05651042
0 0.10416667 0.78092448 0.03333333 0.03658854
0 0.10057870 0.64095052 0.06134259 0.02773437
2 0.65416667 0.66894531 0.12824074 0.07695312
0 0.09467593 0.80345052 0.03703704 0.01393229
0 0.28969907 0.31510417 0.11273148 0.06848958
0 0.64641204 0.43515625 0.17060185 0.09348958
0 0.08738426 0.83535156 0.09652778 0.05533854
0 0.08993056 0.01321615 0.08958333 0.02643229
0 0.23472222 0.89121094 0.02916667 0.04830729
3 0.06203704 0.59296875 0.12407407 0.06979167