0 0.90618490 0.54710648 0.08294271 0.13912037
2 0.07936198 0.10983796 0.03059896 0.05254630
2 0.97044271 0.18564815 0.04192708 0.06898148
2 0.75651042 0.29432870 0.07968750 0.13356481
0 0.07714844 0.07094907 0.01653646 0.03680556
0 0.84707031 0.01388889 0.01132813 0.01712963
0 0.59459635 0.55173611 0.10664063 0.16782407
0 0.89570313 0.40937500 0.14453125 0.22800926
2 0.64550781 0.06076389 0.02617187 0.04467593
2 0.58118490 0.34375000 0.14283854 0.25462963
0 0.31562500 0.14456019 0.02760417 0.03402778
0 0.86263021 0.94282407 0.14114583 0.11435185
4 0.48372396 0.17662037 0.01848958 0.01574074
2 0.03450521 0.03506944 0.02343750 0.01643519
0 0.29694010 0.18020833 0.03242188 0.05208333
4 0.02910156 0.07581019 0.01445313 0.01828704
4 0.58997396 0.71898148 0.11718750 0.18750000
0 0.94153646 0.19965278 0.03463542 0.05717593
0 0.49225260 0.61944444 0.09960938 0.07268519
0 0.79915365 0.63240741 0.14023438 0.15648148
0 0.96940104 0.23495370 0.03619792 0.04444444
0 0.54557292 0.22233796 0.01119792 0.01504630
0 0.14082031 0.02141204 0.10924479 0.04282407
0 0.00970052 0.76655093 0.01940104 0.04652778
3 0.59804687 0.03692130 0.03411458 0.05949074
0 0.19433594 0.27372685 0.03190104 0.04699074
0 0.41399740 0.25474537 0.02695313 0.04930556
3 0.69342448 0.74085648 0.10533854 0.12893519
0 0.79127604 0.48101852 0.17291667 0.28564815
2 0.55143229 0.24409722 0.02135417 0.03032407
0 0.27044271 0.18136574 0.02760417 0.05254630
4 0.82493490 0.26712963 0.03450521 0.03935185
4 0.95442708 0.14490741 0.03880208 0.06388889
0 0.96686198 0.95625000 0.06627604 0.08750000
0 0.48613281 0.52673611 0.13580729 0.23217593
0 0.59205729 0.19664352 0.02682292 0.04282407
2 0.19954427 0.10034722 0.02591146 0.04560185
0 0.56562500 0.16168981 0.01901042 0.02615741
0 0.35644531 0.11620370 0.01393229 0.02314815
2 0.57083333 0.19074074 0.01796875 0.03518519
4 0.45878906 0.19074074 0.02877604 0.04259259
2 0.04361979 0.91863426 0.08723958 0.16273148
2 0.05983073 0.11631944 0.01080729 0.01875000
0 0.18574219 0.09803241 0.01054687 0.03541667