2 0.76132813 0.67696759 0.13671875 0.24652778
0 0.92337240 0.76678241 0.11367187 0.16365741
5 0.21360677 0.47858796 0.10507813 0.16458333
0 0.32447917 0.52129630 0.02239583 0.07407407
0 0.39726562 0.98645833 0.04973958 0.02708333
4 0.41152344 0.89826389 0.08502604 0.15810185
0 0.27408854 0.34710648 0.05755208 0.10810185
0 0.63971354 0.45219907 0.07083333 0.11921296
2 0.19654948 0.32916667 0.10950521 0.17546296
4 0.54147135 0.36817130 0.08606771 0.15486111
1 0.23470052 0.28333333 0.01835937 0.02777778
5 0.09544271 0.74386574 0.10130208 0.16736111
0 0.31380208 0.96238426 0.09375000 0.07523148
0 0.69446615 0.04699074 0.04804688 0.09398148
0 0.75091146 0.04027778 0.07239583 0.08055556
0 0.69843750 0.10613426 0.06510417 0.09513889
0 0.96230469 0.98067130 0.07539063 0.03865741
0 0.47317708 0.42581019 0.07057292 0.12754630
0 0.51907552 0.51284722 0.06367187 0.09375000
4 0.94680990 0.87800926 0.10638021 0.20370370
0 0.97187500 0.48865741 0.04244792 0.08703704
0 0.27506510 0.49120370 0.07851563 0.17407407
0 0.32161458 0.92037037 0.05000000 0.04166667
0 0.66380208 0.10648148 0.00755208 0.02361111
2 0.78151042 0.88993056 0.15156250 0.22013889
2 0.67174479 0.83680556 0.09869792 0.21574074
4 0.03977865 0.87685185 0.07955729 0.16296296