0 0.24467593 0.98990885 0.06944444 0.02018229
0 0.80613426 0.78164063 0.14097222 0.08046875
0 0.48657407 0.03300781 0.13472222 0.06601562
2 0.36782407 0.05885417 0.16064815 0.08880208
5 0.33321759 0.01360677 0.15162037 0.02721354
0 0.02662037 0.05188802 0.05324074 0.04596354
0 0.27881944 0.03085938 0.09004630 0.06171875
0 0.93217593 0.78815104 0.11990741 0.06302083
0 0.17141204 0.97968750 0.09606481 0.04062500
0 0.01435185 0.61308594 0.02870370 0.08320312
0 0.46539352 0.74459635 0.09189815 0.03294271
2 0.77106481 0.23893229 0.11990741 0.06692708
2 0.69201389 0.27675781 0.14606481 0.08190104
0 0.23726852 0.71816406 0.08981481 0.07070312
3 0.64050926 0.23893229 0.13240741 0.07187500
0 0.35405093 0.87812500 0.07199074 0.02005208
0 0.95636574 0.82200521 0.08726852 0.09713542
4 0.49108796 0.79277344 0.10208333 0.04283854
0 0.79594907 0.87226563 0.11226852 0.10052083
2 0.90567130 0.89205729 0.18865741 0.11015625
0 0.34328704 0.90188802 0.14027778 0.05664062