0 0.30585937 0.21539352 0.04739583 0.04652778
0 0.52434896 0.49282407 0.11302083 0.20925926
4 0.36347656 0.96018519 0.10481771 0.07962963
0 0.25045573 0.46921296 0.11731771 0.24166667
3 0.08111979 0.53171296 0.06875000 0.12962963
0 0.62604167 0.17141204 0.02838542 0.07106481
0 0.29993490 0.09930556 0.23294271 0.19861111
4 0.11861979 0.43043981 0.13255208 0.23402778
1 0.50631510 0.01898148 0.13111979 0.03796296
4 0.36308594 0.20937500 0.06471354 0.08310185
4 0.55162760 0.68541667 0.14882813 0.23888889