4 0.41597222 0.25319010 0.21898148 0.13684896
1 0.44074074 0.88457031 0.21805556 0.14075521
1 0.87685185 0.80970052 0.13425926 0.09804688
0 0.47094907 0.45820312 0.12199074 0.06588542
4 0.33217593 0.09042969 0.12407407 0.07617188
0 0.34826389 0.74837240 0.21319444 0.09075521
4 0.50833333 0.02786458 0.08518519 0.05572917
0 0.28981481 0.84557292 0.08888889 0.06093750
0 0.09317130 0.83925781 0.10069444 0.05325521
0 0.52002315 0.81751302 0.14282407 0.09440104
1 0.04074074 0.78085938 0.08148148 0.02708333
0 0.37893519 0.16139323 0.09259259 0.05585938
0 0.07500000 0.03789062 0.15000000 0.07578125
2 0.41701389 0.38125000 0.22615741 0.12135417
0 0.39976852 0.93632812 0.18333333 0.07968750
4 0.96574074 0.00299479 0.06851852 0.00598958
0 0.05833333 0.07350260 0.10324074 0.03294271
0 0.66354167 0.02825521 0.09837963 0.05651042
0 0.69571759 0.00468750 0.04282407 0.00937500