4 0.44472656 0.09525463 0.05950521 0.17662037
0 0.58066406 0.53773148 0.20976563 0.34166667
0 0.70143229 0.52326389 0.03645833 0.06319444
4 0.14029948 0.23321759 0.03138021 0.03865741
0 0.18528646 0.84641204 0.07682292 0.10300926
0 0.26471354 0.93368056 0.09765625 0.03125000
4 0.49980469 0.13587963 0.02330729 0.04814815
4 0.67089844 0.32418981 0.09492188 0.35347222
0 0.09101563 0.08958333 0.04088542 0.05972222
0 0.48587240 0.40370370 0.15455729 0.28194444
0 0.32486979 0.70856481 0.07838542 0.19722222