0 0.97076823 0.29594907 0.05846354 0.13541667
0 0.88782552 0.16793981 0.06731771 0.08171296
4 0.96894531 0.18148148 0.05585937 0.06296296
0 0.53600260 0.40347222 0.07929688 0.12870370
4 0.45787760 0.59907407 0.13815104 0.20694444
0 0.21210938 0.12187500 0.16276042 0.24375000
0 0.92617188 0.14837963 0.06067708 0.06712963
0 0.09811198 0.25162037 0.12539062 0.17962963
3 0.45071615 0.46944444 0.10664062 0.10370370
0 0.17161458 0.29398148 0.08515625 0.13333333
3 0.04160156 0.06342593 0.02851563 0.08148148
0 0.08834635 0.05520833 0.11966146 0.11041667
0 0.16373698 0.75671296 0.09622396 0.15601852
0 0.05651042 0.17789352 0.10130208 0.16087963
0 0.56393229 0.55844907 0.10156250 0.22800926
3 0.43098958 0.80312500 0.10494792 0.18263889
3 0.80930990 0.19884259 0.07669271 0.13657407