4 0.58164062 0.08229167 0.04088542 0.08634259
4 0.01855469 0.70729167 0.03710938 0.14606481
4 0.86712240 0.20034722 0.08867188 0.14606481
0 0.65813802 0.14907407 0.04544271 0.09166667
0 0.90527344 0.24375000 0.04934896 0.09675926
0 0.55123698 0.14618056 0.06835938 0.15578704
0 0.85292969 0.39953704 0.05950521 0.09166667
0 0.88365885 0.37245370 0.07330729 0.08379630
0 0.60078125 0.24907407 0.07473958 0.09861111
0 0.52558594 0.66122685 0.08710937 0.13912037
2 0.13606771 0.46747685 0.02734375 0.09421296
2 0.08248698 0.57152778 0.04804687 0.19768519
0 0.11041667 0.23263889 0.07265625 0.13425926
2 0.16523437 0.63425926 0.16562500 0.29166667
4 0.39557292 0.97118056 0.09531250 0.05763889
0 0.62154948 0.33877315 0.06471354 0.09930556
0 0.32695312 0.94247685 0.09114583 0.11504630
0 0.94082031 0.44027778 0.06783854 0.07129630
4 0.88072917 0.99444444 0.04765625 0.01111111
0 0.61497396 0.19131944 0.07473958 0.13449074
0 0.49361979 0.46886574 0.11484375 0.13773148
4 0.47962240 0.59039352 0.12539063 0.22106481
0 0.55664062 0.32106481 0.04869792 0.04444444
0 0.90846354 0.26469907 0.01822917 0.02939815
4 0.13750000 0.17581019 0.02083333 0.09467593
2 0.17786458 0.38761574 0.10156250 0.25486111