4 0.89459635 0.73900463 0.10976562 0.19375000
0 0.40468750 0.10567130 0.03750000 0.07152778
4 0.63190104 0.99421296 0.03906250 0.01157407
0 0.23235677 0.79016204 0.04101562 0.01967593
0 0.27031250 0.84108796 0.04427083 0.10115741
0 0.53463542 0.07118056 0.08828125 0.14236111
0 0.95670573 0.81678241 0.06054688 0.05995370
3 0.15338542 0.77685185 0.12526042 0.09675926
5 0.99472656 0.78078704 0.01054687 0.08842593
4 0.72532552 0.91875000 0.13164062 0.16250000
0 0.48626302 0.22893519 0.16445312 0.30370370
0 0.58522135 0.18969907 0.07434896 0.14143519
0 0.95371094 0.64351852 0.09257812 0.12731481
0 0.51770833 0.36504630 0.10390625 0.16898148