3 0.64375000 0.56386719 0.12175926 0.06653646
2 0.69733796 0.41197917 0.17569444 0.11328125
2 0.71365741 0.52493490 0.11250000 0.06236979
0 0.52094907 0.71328125 0.11689815 0.07786458
0 0.91388889 0.04641927 0.13842593 0.07929688
0 0.07465278 0.79303385 0.01736111 0.02513021
0 0.27222222 0.03678385 0.15787037 0.07356771
0 0.39259259 0.71647135 0.13935185 0.07929687
0 0.44629630 0.65201823 0.13703704 0.07799479
0 0.87870370 0.01250000 0.12222222 0.02500000
0 0.08622685 0.15527344 0.16041667 0.09960938
3 0.12523148 0.30546875 0.04027778 0.03125000
0 0.75763889 0.57604167 0.11157407 0.06692708
0 0.55601852 0.06764323 0.13796296 0.08164062
0 0.43819444 0.19713542 0.15046296 0.08359375
0 0.28310185 0.09238281 0.08564815 0.09830729
0 0.03993056 0.31705729 0.07986111 0.06197917
0 0.04062500 0.56334635 0.04606481 0.01627604
0 0.61585648 0.46484375 0.16458333 0.08203125
0 0.38483796 0.11302083 0.13032407 0.08645833
0 0.47962963 0.05123698 0.11064815 0.06210937
0 0.01469907 0.40149740 0.02939815 0.02278646
0 0.54722222 0.13723958 0.11574074 0.07552083