0 0.19667969 0.24849537 0.05195312 0.09884259
0 0.17571615 0.13125000 0.04804687 0.11157407
0 0.23665365 0.15162037 0.05143229 0.08425926
0 0.02591146 0.45833333 0.05182292 0.12962963
0 0.08964844 0.45393519 0.09309896 0.14675926
4 0.21067708 0.07962963 0.06640625 0.10648148
4 0.89700521 0.75046296 0.04765625 0.07268519
4 0.37050781 0.08101852 0.07460938 0.16203704
0 0.57532552 0.11203704 0.11914062 0.21759259
0 0.63404948 0.41400463 0.03216146 0.04004630
0 0.61666667 0.44351852 0.02552083 0.02083333
0 0.45768229 0.09074074 0.10859375 0.18148148
0 0.66132813 0.00821759 0.05572917 0.01643519
0 0.50319010 0.11134259 0.04726563 0.09398148
0 0.47239583 0.26377315 0.04453125 0.10254630
0 0.66783854 0.66284722 0.10755208 0.18726852
0 0.65976563 0.56712963 0.05494792 0.03333333
4 0.96822917 0.31736111 0.05130208 0.10324074
0 0.58912760 0.70405093 0.04882812 0.08587963
0 0.81744792 0.61481481 0.02421875 0.02962963
0 0.20904948 0.18333333 0.06028646 0.09166667
0 0.43391927 0.28773148 0.04804687 0.10046296