0 0.41423611 0.05026042 0.19282407 0.10052083
4 0.63333333 0.64381510 0.09907407 0.07513021
4 0.60706019 0.50065104 0.09606481 0.07213542
0 0.10844907 0.41100260 0.03495370 0.01966146
3 0.41458333 0.28320312 0.11388889 0.07421875
0 0.64375000 0.04238281 0.15555556 0.08476562
0 0.60636574 0.13704427 0.15162037 0.08997396
0 0.37476852 0.14153646 0.16203704 0.09453125
0 0.04976852 0.63632812 0.09953704 0.07213542
0 0.27465278 0.12337240 0.07476852 0.07148438
0 0.45312500 0.15234375 0.07939815 0.06223958
0 0.06053241 0.37708333 0.11967593 0.06718750
0 0.08391204 0.44042969 0.10115741 0.06523437
0 0.02962963 0.43333333 0.05925926 0.05468750
3 0.64814815 0.56738281 0.11898148 0.06914062
0 0.05879630 0.97272135 0.11759259 0.05455729
1 0.90729167 0.38209635 0.16736111 0.09752604
0 0.59618056 0.98984375 0.10810185 0.02031250
0 0.73865741 0.09628906 0.14768519 0.10559896
0 0.33900463 0.08561198 0.02476852 0.01966146
0 0.48425926 0.07545573 0.12592593 0.09544271
0 0.76909722 0.41666667 0.14745370 0.08385417