0 0.48580729 0.95092593 0.15416667 0.09814815
4 0.87942708 0.19722222 0.03046875 0.02777778
0 0.23671875 0.18807870 0.06744792 0.12384259
0 0.52903646 0.23587963 0.02317708 0.04444444
0 0.97246094 0.09293981 0.02903646 0.03078704
0 0.05690104 0.06516204 0.04453125 0.08495370
0 0.01236979 0.11354167 0.02473958 0.04189815
0 0.18131510 0.04155093 0.15429688 0.08310185
0 0.77141927 0.78217593 0.07018229 0.16157407
0 0.18587240 0.60648148 0.07122396 0.08518519
0 0.87434896 0.25034722 0.01067708 0.01689815
0 0.73912760 0.25740741 0.02747396 0.04768519
2 0.87057292 0.89652778 0.12526042 0.18148148
0 0.32942708 0.09513889 0.15598958 0.19027778
1 0.36276042 0.82824074 0.12708333 0.26203704
3 0.95455729 0.07696759 0.03776042 0.06226852
0 0.43567708 0.02581019 0.06901042 0.05162037
0 0.92148438 0.23263889 0.02838542 0.04861111
0 0.03033854 0.05219907 0.06067708 0.10439815
3 0.99361979 0.09965278 0.01276042 0.02708333
0 0.70924479 0.85787037 0.10208333 0.16666667
3 0.88248698 0.28425926 0.03346354 0.05462963
0 0.60305990 0.16041667 0.02539062 0.05185185
0 0.33085937 0.97777778 0.05989583 0.04444444
0 0.63404948 0.15995370 0.02539062 0.03703704
4 0.29023438 0.24224537 0.07734375 0.13032407
4 0.88502604 0.21932870 0.02994792 0.03912037
0 0.21282552 0.51493056 0.05429687 0.10347222
4 0.48880208 0.74409722 0.18229167 0.33773148
4 0.78339844 0.20092593 0.02903646 0.03981481