3 0.07656250 0.09050926 0.07838542 0.10092593
0 0.54355469 0.77407407 0.08007812 0.12592593
0 0.52304688 0.19363426 0.05833333 0.02708333
1 0.10286458 0.02719907 0.12473958 0.05439815
0 0.56464844 0.83090278 0.09309896 0.14328704
1 0.13007812 0.15208333 0.03619792 0.08842593
0 0.96419271 0.35358796 0.07161458 0.21273148
0 0.09029948 0.18518519 0.05950521 0.09814815
0 0.98671875 0.07905093 0.02656250 0.06828704
0 0.45345052 0.32662037 0.08424479 0.15648148
3 0.52513021 0.23935185 0.05859375 0.10138889
4 0.36484375 0.34328704 0.09166667 0.16574074