2 0.46966146 0.05983796 0.06848958 0.07662037
0 0.53157552 0.12118056 0.06653646 0.06087963
4 0.27089844 0.35821759 0.05351563 0.07754630
0 0.68059896 0.32268519 0.09635417 0.17777778
4 0.21536458 0.16898148 0.02916667 0.03425926
0 0.76705729 0.25844907 0.12812500 0.21875000
0 0.19003906 0.04918981 0.05638021 0.09837963
0 0.61308594 0.92071759 0.11263021 0.15856481
0 0.63919271 0.35092593 0.01354167 0.03796296
0 0.50657552 0.90868056 0.09570312 0.14884259
4 0.27089844 0.38217593 0.05351563 0.02962963
0 0.49466146 0.71157407 0.03593750 0.07777778
0 0.52519531 0.79780093 0.02955729 0.08773148
0 0.47018229 0.75497685 0.08489583 0.17060185
4 0.57617188 0.73402778 0.12864583 0.24166667
0 0.74713542 0.13935185 0.12760417 0.16666667
3 0.88763021 0.57743056 0.09843750 0.12615741
4 0.96263021 0.43958333 0.07473958 0.17453704