0 0.06979167 0.40605469 0.11689815 0.05716146
0 0.31215278 0.55227865 0.08865741 0.05742187
4 0.61261574 0.43144531 0.14143519 0.08893229
0 0.57407407 0.61588542 0.04166667 0.04583333
0 0.17175926 0.60683594 0.07129630 0.04075521
0 0.19236111 0.34824219 0.04861111 0.05690104
0 0.25474537 0.82102865 0.08125000 0.03945312
0 0.12557870 0.36132812 0.16782407 0.09427083
4 0.66354167 0.61627604 0.07569444 0.05937500
3 0.25532407 0.61555990 0.10694444 0.06367187
0 0.10532407 0.27714844 0.16064815 0.09492187
4 0.24293981 0.51914063 0.11134259 0.06536458
1 0.64513889 0.36953125 0.13657407 0.07057292
0 0.54502315 0.43841146 0.06365741 0.07031250
0 0.01064815 0.81582031 0.02129630 0.04648438
0 0.76724537 0.43411458 0.08680556 0.05130208
0 0.13171296 0.41204427 0.01157407 0.00794271