4 0.61747685 0.22871094 0.14282407 0.07643229
0 0.19236111 0.04967448 0.01157407 0.00794271
0 0.11643519 0.01126302 0.00925926 0.01575521
0 0.88912037 0.10514323 0.08425926 0.04674479
0 0.09027778 0.06835938 0.01944444 0.01354167
0 0.61990741 0.38925781 0.11712963 0.06497396
0 0.06319444 0.03580729 0.02962963 0.01692708
0 0.01099537 0.08880208 0.02199074 0.01093750
0 0.10891204 0.02408854 0.03402778 0.01848958
5 0.14872685 0.04296875 0.02152778 0.01458333
5 0.06018519 0.09908854 0.01944444 0.01302083
0 0.06921296 0.01848958 0.03101852 0.01848958