3 0.50924479 0.74699074 0.11328125 0.19629630
0 0.25996094 0.15138889 0.09908854 0.16620370
0 0.29707031 0.04560185 0.19127604 0.09120370
0 0.10703125 0.06168981 0.06927083 0.12337963
0 0.67011719 0.47210648 0.10143229 0.25115741
3 0.89518229 0.08692130 0.08385417 0.14513889
0 0.62656250 0.30104167 0.08750000 0.12245370
0 0.96666667 0.05787037 0.06666667 0.08657407
0 0.21731771 0.70428241 0.10208333 0.17060185
4 0.55494792 0.51736111 0.15312500 0.23148148
3 0.53958333 0.38206019 0.12239583 0.12523148
0 0.18496094 0.10185185 0.14179687 0.20370370