3 0.34212240 0.74756944 0.09492187 0.13032407
0 0.00891927 0.59143519 0.01783854 0.12037037
2 0.52486979 0.52627315 0.08932292 0.19560185
0 0.05052083 0.06828704 0.10104167 0.13657407
0 0.02037760 0.53321759 0.04075521 0.12013889
0 0.16119792 0.29988426 0.05989583 0.04282407
2 0.53697917 0.58958333 0.08619792 0.12916667
0 0.94570312 0.75092593 0.10859375 0.19212963
2 0.38951823 0.52997685 0.11419271 0.19699074
0 0.69518229 0.50925926 0.03593750 0.02731481
1 0.87389323 0.86226852 0.12070312 0.20277778
0 0.47356771 0.64074074 0.03177083 0.06481481
4 0.77493490 0.92650463 0.10872396 0.14699074
0 0.68098958 0.16365741 0.06432292 0.08703704
0 0.13776042 0.01284722 0.04635417 0.02569444
0 0.43151042 0.72835648 0.08932292 0.11550926
3 0.68691406 0.08599537 0.06914062 0.10347222
0 0.11601563 0.08784722 0.09296875 0.14930556
0 0.89082031 0.33703704 0.08580729 0.12638889
0 0.74570313 0.13761574 0.07473958 0.09143519
4 0.39069010 0.84398148 0.09492188 0.15462963