0 0.02552083 0.01967593 0.05104167 0.03935185
0 0.18945312 0.86030093 0.05156250 0.08634259
4 0.25299479 0.09571759 0.03619792 0.06736111
3 0.36243490 0.32708333 0.03033854 0.05509259
0 0.90507812 0.73043981 0.18984375 0.30625000
0 0.17734375 0.00810185 0.00520833 0.01620370
4 0.24785156 0.01145833 0.02200521 0.02291667
0 0.15690104 0.00300926 0.00729167 0.00601852
4 0.73665365 0.10833333 0.01653646 0.02546296
0 0.32610677 0.13784722 0.03085938 0.05393519
0 0.71953125 0.02453704 0.02473958 0.02083333
0 0.07571615 0.02106481 0.03294271 0.04212963
2 0.83847656 0.07835648 0.01367188 0.01226852
4 0.97890625 0.55092593 0.04218750 0.28009259
0 0.09537760 0.21701389 0.03658854 0.05254630
0 0.05592448 0.01412037 0.01341146 0.02824074
4 0.29492188 0.10995370 0.03098958 0.06388889
0 0.27161458 0.13750000 0.02031250 0.02500000
0 0.09641927 0.02453704 0.02278646 0.03240741
0 0.26451823 0.11631944 0.03111979 0.05439815
0 0.00813802 0.05763889 0.01627604 0.07037037