4 0.56724537 0.79550781 0.06504630 0.03736979
0 0.03495370 0.24739583 0.06990741 0.08098958
0 0.05231481 0.40533854 0.10462963 0.05989583
0 0.43495370 0.36412760 0.09166667 0.05742188
0 0.72245370 0.77994792 0.17222222 0.10156250
5 0.35659722 0.33684896 0.10439815 0.05598958
0 0.04085648 0.48235677 0.08171296 0.06575521
0 0.80856481 0.91783854 0.25601852 0.14739583
4 0.41238426 0.92994792 0.12013889 0.06979167
0 0.30185185 0.23404948 0.10694444 0.04205729
0 0.36099537 0.12923177 0.09976852 0.05950521
0 0.62893519 0.85501302 0.23055556 0.13294271
0 0.30289352 0.98886719 0.10532407 0.02226562
0 0.37037037 0.19401042 0.09629630 0.06744792