0 0.66777344 0.54502315 0.02200521 0.02291667
0 0.33118490 0.44432870 0.01940104 0.05902778
0 0.70625000 0.03622685 0.04609375 0.07245370
0 0.23424479 0.08495370 0.04140625 0.04027778
0 0.30312500 0.01226852 0.02265625 0.02453704
0 0.47200521 0.12118056 0.02161458 0.06134259
0 0.57545573 0.27233796 0.07018229 0.12662037
0 0.30039063 0.10011574 0.03385417 0.03680556
0 0.51848958 0.46365741 0.01354167 0.01342593
0 0.78502604 0.38333333 0.03333333 0.06296296
3 0.40332031 0.34224537 0.02044271 0.04097222
0 0.49440104 0.43981481 0.02005208 0.02175926
0 0.87246094 0.08240741 0.03424479 0.08009259
0 0.68802083 0.22731481 0.00989583 0.01666667
0 0.48483073 0.16770833 0.01132812 0.03217593
0 0.21067708 0.77997685 0.02161458 0.03078704
0 0.50097656 0.68900463 0.05820312 0.07662037
0 0.50735677 0.82152778 0.05585937 0.08379630
0 0.48593750 0.67407407 0.05625000 0.07407407
0 0.89264323 0.12071759 0.01210937 0.02662037
0 0.93958333 0.05555556 0.02421875 0.04166667
5 0.22955729 0.28171296 0.01432292 0.03333333
0 0.72851562 0.07997685 0.04088542 0.04652778
0 0.72740885 0.29143519 0.03997396 0.06805556
0 0.74811198 0.32893519 0.02591146 0.05879630
0 0.95924479 0.07280093 0.01796875 0.03773148
0 0.76835937 0.36956019 0.05546875 0.08449074
0 0.74720052 0.06435185 0.01210938 0.02314815