0 0.40625000 0.20305990 0.07638889 0.02200521
0 0.30381944 0.46803385 0.16967593 0.09986979
0 0.17025463 0.38483073 0.22615741 0.12408854
0 0.91446759 0.03365885 0.13819444 0.06731771
4 0.29791667 0.70351562 0.15509259 0.08671875
0 0.11435185 0.48483073 0.20833333 0.08528646
0 0.12118056 0.07864583 0.09421296 0.05520833
3 0.03240741 0.05338542 0.06481481 0.04895833
5 0.47604167 0.17109375 0.09282407 0.05937500
0 0.31250000 0.61946615 0.14166667 0.07408854
0 0.42083333 0.65592448 0.10972222 0.07096354
0 0.07175926 0.68398437 0.06990741 0.03541667
0 0.27222222 0.54446615 0.07083333 0.05846354
0 0.01828704 0.19335938 0.03657407 0.03880208
0 0.19861111 0.53821615 0.14027778 0.07825521
2 0.07731481 0.19648437 0.09027778 0.03333333
4 0.68101852 0.82539063 0.12685185 0.07473958
0 0.26736111 0.44609375 0.14583333 0.08203125