0 0.90104167 0.87434896 0.04976852 0.02421875
0 0.36909722 0.33294271 0.12708333 0.07786458
0 0.47233796 0.03717448 0.06180556 0.05117187
0 0.04398148 0.12402344 0.08796296 0.09726563
0 0.50567130 0.14628906 0.10069444 0.07122396
0 0.10057870 0.20305990 0.13495370 0.08554687
4 0.84618056 0.77493490 0.17662037 0.09726563
0 0.37870370 0.11686198 0.09722222 0.04908854
4 0.22974537 0.01347656 0.13125000 0.02695313
4 0.57395833 0.25494792 0.15763889 0.09427083
0 0.41504630 0.27070312 0.12731481 0.07265625
0 0.37025463 0.00390625 0.07986111 0.00781250
0 0.41562500 0.03046875 0.08634259 0.06093750
1 0.28402778 0.24453125 0.14907407 0.08541667
4 0.88287037 0.83274740 0.11111111 0.05377604
0 0.02222222 0.21100260 0.04444444 0.08111979
2 0.52916667 0.08541667 0.06712963 0.06614583
0 0.45208333 0.08710937 0.11018519 0.07161458
0 0.30543981 0.06282552 0.20671296 0.12408854
2 0.44918981 0.18144531 0.11273148 0.06861979
4 0.26597222 0.33268229 0.13888889 0.08906250
0 0.01261574 0.43385417 0.02523148 0.06666667