0 0.14329427 0.47662037 0.08320313 0.16944444
0 0.74088542 0.78356481 0.14583333 0.24953704
2 0.55104167 0.50289352 0.09687500 0.24421296
0 0.00904948 0.54375000 0.01809896 0.06064815
0 0.16569010 0.30763889 0.14309896 0.19907407
0 0.67740885 0.49629630 0.01236979 0.03472222
0 0.07343750 0.36041667 0.06562500 0.08842593
0 0.65703125 0.67696759 0.14713542 0.26597222
0 0.79824219 0.60601852 0.14492187 0.23796296
0 0.19928385 0.47222222 0.02044271 0.05046296
4 0.65305990 0.95092593 0.09804687 0.09814815
4 0.74557292 0.94050926 0.10052083 0.11898148