0 0.47210648 0.33710937 0.11180556 0.07760417
0 0.36307870 0.54225260 0.15023148 0.09778646
2 0.54849537 0.15110677 0.09837963 0.08164062
0 0.60555556 0.48385417 0.13101852 0.07109375
2 0.33356481 0.22363281 0.15324074 0.08502604
2 0.43854167 0.22617188 0.06597222 0.02187500
2 0.19791667 0.56152344 0.18101852 0.09700521
0 0.39108796 0.83613281 0.08587963 0.06236979
4 0.88333333 0.39199219 0.14212963 0.08216146
1 0.24583333 0.47910156 0.15462963 0.08372396
0 0.44930556 0.14466146 0.05092593 0.02526042
0 0.46030093 0.19069010 0.12800926 0.08059896