0 0.57421875 0.36944444 0.02031250 0.01666667
0 0.59296875 0.19652778 0.02343750 0.04027778
0 0.84765625 0.60416667 0.02031250 0.03611111
0 0.70664063 0.63541667 0.01171875 0.02361111
0 0.61406250 0.39027778 0.03281250 0.04722222
0 0.54765625 0.59722222 0.03281250 0.03888889
0 0.55976563 0.77638889 0.01796875 0.05833333
0 0.45937500 0.10138889 0.01875000 0.03333333
0 0.08671875 0.31805556 0.01562500 0.02500000
0 0.40859375 0.52222222 0.02343750 0.03611111
0 0.60156250 0.83819444 0.02343750 0.04027778
0 0.40859375 0.55069444 0.01562500 0.02083333
0 0.06718750 0.13611111 0.00781250 0.01388889
0 0.45039063 0.12916667 0.01640625 0.02777778
0 0.85429687 0.61250000 0.01484375 0.03333333
0 0.71484375 0.63125000 0.00781250 0.02083333
0 0.42929688 0.07847222 0.02421875 0.03750000
0 0.44101563 0.77361111 0.04453125 0.09722222
0 0.23007813 0.82777778 0.01796875 0.02777778
0 0.62460938 0.82152778 0.03828125 0.07083333
0 0.27148438 0.12986111 0.01796875 0.04861111
0 0.43085937 0.10833333 0.01328125 0.02500000
0 0.45546875 0.07430556 0.02812500 0.03472222
0 0.80507812 0.81944444 0.00703125 0.01666667
0 0.10234375 0.31041667 0.01718750 0.02638889
0 0.59023438 0.74652778 0.01015625 0.01805556
0 0.50976562 0.20902778 0.00703125 0.02083333
0 0.05312500 0.13055556 0.00937500 0.01666667
0 0.46015625 0.54027778 0.01562500 0.03333333
0 0.01953125 0.28125000 0.01562500 0.02638889
0 0.18320312 0.26111111 0.03828125 0.05000000
0 0.09335937 0.68888889 0.02578125 0.04444444
0 0.25585938 0.11736111 0.02734375 0.05694444
0 0.35156250 0.79375000 0.02656250 0.05972222
5 0.15234375 0.94583333 0.04531250 0.06944444
0 0.58593750 0.81041667 0.02656250 0.02916667
1 0.11718750 0.63611111 0.03281250 0.08333333
1 0.16445313 0.41388889 0.03046875 0.06111111
0 0.52890625 0.56666667 0.02031250 0.05833333
0 0.23242188 0.09722222 0.02890625 0.05555556
0 0.02343750 0.40902778 0.02187500 0.03750000
0 0.67265625 0.99305556 0.01875000 0.01388889
0 0.01289063 0.29930556 0.00859375 0.02361111
0 0.86289063 0.50833333 0.01640625 0.02777778
0 0.85078125 0.52083333 0.01562500 0.02500000
0 0.57968750 0.40347222 0.02968750 0.05416667
0 0.16835938 0.31388889 0.02734375 0.04166667
0 0.55468750 0.55069444 0.04218750 0.07083333
0 0.68906250 0.87916667 0.01562500 0.03611111
0 0.03867187 0.42013889 0.01796875 0.02083333
0 0.08828125 0.55833333 0.02500000 0.04444444
1 0.21484375 0.41944444 0.02500000 0.05833333
1 0.08476563 0.63611111 0.03828125 0.07500000
0 0.14375000 0.26597222 0.01875000 0.03472222
0 0.39140625 0.26180556 0.03593750 0.04861111
0 0.82812500 0.61111111 0.01875000 0.03055556
0 0.41757813 0.83680556 0.02421875 0.04583333
0 0.54648438 0.79375000 0.01640625 0.05694444
0 0.83515625 0.71736111 0.02187500 0.04583333
0 0.82421875 0.59305556 0.01406250 0.01944444
0 0.42773438 0.29305556 0.03359375 0.05000000
0 0.62539062 0.37916667 0.01953125 0.03055556
0 0.70234375 0.85208333 0.01875000 0.04583333
0 0.66367187 0.85208333 0.01328125 0.03750000
0 0.66640625 0.88194444 0.01406250 0.02777778
0 0.59179688 0.59930556 0.02109375 0.07361111
0 0.85585938 0.73819444 0.02578125 0.04583333
0 0.23085938 0.77152778 0.02421875 0.04305556
0 0.58789062 0.37916667 0.01328125 0.01666667
0 0.49531250 0.19166667 0.01562500 0.02500000
0 0.21562500 0.26875000 0.01875000 0.02916667
0 0.43125000 0.52222222 0.03281250 0.06944444