0 0.09570312 0.29097222 0.01640625 0.02638889
0 0.15039062 0.33750000 0.00859375 0.02500000
0 0.52656250 0.71944444 0.01718750 0.03888889
0 0.33554688 0.93750000 0.01796875 0.04722222
0 0.22343750 0.32638889 0.01562500 0.05833333
0 0.93554688 0.49166667 0.03984375 0.07222222
0 0.46523437 0.19166667 0.01796875 0.03888889
0 0.98789063 0.50555556 0.02421875 0.10555556
0 0.15937500 0.33055556 0.01250000 0.03333333
0 0.17812500 0.57638889 0.02343750 0.05833333
0 0.06484375 0.07708333 0.01093750 0.00972222
0 0.56796875 0.88055556 0.03906250 0.05833333
0 0.41328125 0.32361111 0.01093750 0.04166667
0 0.08007812 0.12291667 0.02265625 0.02638889
0 0.10937500 0.55416667 0.03906250 0.05555556
0 0.30664062 0.46875000 0.01484375 0.02916667
0 0.26601562 0.50138889 0.02890625 0.04444444
0 0.95703125 0.44930556 0.02968750 0.03194444
0 0.96875000 0.88888889 0.06250000 0.08611111
0 0.03359375 0.13680556 0.01718750 0.02638889
0 0.79726562 0.80833333 0.03828125 0.05277778
0 0.19570313 0.55000000 0.03828125 0.08333333
0 0.93828125 0.61944444 0.08750000 0.15277778
0 0.89843750 0.49027778 0.04687500 0.07777778
0 0.50078125 0.83750000 0.06406250 0.10000000
0 0.49804688 0.16875000 0.04921875 0.07638889
0 0.49375000 0.23194444 0.04218750 0.04444444
0 0.98671875 0.62986111 0.02656250 0.14583333
0 0.07734375 0.54652778 0.02656250 0.04583333
0 0.59531250 0.49930556 0.04218750 0.07916667