0 0.67851562 0.28055556 0.07578125 0.13055556
0 0.05351562 0.05416667 0.01015625 0.02777778
0 0.98125000 0.58611111 0.03750000 0.10833333
0 0.57539063 0.68541667 0.03828125 0.08472222
0 0.44296875 0.04097222 0.03281250 0.05972222
0 0.11835938 0.74583333 0.01796875 0.04444444
0 0.11992188 0.23541667 0.02265625 0.02361111
0 0.21875000 0.02291667 0.02187500 0.03472222
0 0.73281250 0.23888889 0.00937500 0.01388889
0 0.00781250 0.49583333 0.01093750 0.02777778
0 0.51406250 0.83541667 0.02968750 0.05138889
0 0.01171875 0.11597222 0.02187500 0.03472222
0 0.94218750 0.66180556 0.02031250 0.05694444
0 0.22617188 0.71875000 0.04140625 0.07916667
0 0.11289062 0.48819444 0.01796875 0.03750000
2 0.27226563 0.71250000 0.05546875 0.09444444
0 0.60898438 0.29305556 0.06953125 0.11944444
0 0.32851562 0.41805556 0.04609375 0.06111111
0 0.61875000 0.39097222 0.02343750 0.05416667
0 0.85859375 0.82291667 0.07187500 0.13194444
0 0.26484375 0.96111111 0.04687500 0.07777778
0 0.98203125 0.51319444 0.03593750 0.04027778
0 0.05585938 0.12013889 0.02109375 0.04305556
0 0.03437500 0.12222222 0.02656250 0.04444444
0 0.75234375 0.03819444 0.05312500 0.07638889
0 0.29179687 0.35138889 0.03984375 0.08888889
0 0.69687500 0.02361111 0.06718750 0.04722222
0 0.75898438 0.01388889 0.05703125 0.02777778
0 0.32382813 0.35000000 0.04765625 0.08333333
0 0.00390625 0.70763889 0.00781250 0.01805556
0 0.43906250 0.22152778 0.03281250 0.05694444