0 0.04726562 0.11805556 0.01484375 0.01944444
0 0.71718750 0.74513889 0.01718750 0.03194444
0 0.07695312 0.45694444 0.03359375 0.03611111
0 0.43945312 0.33263889 0.05234375 0.07638889
0 0.07773437 0.30347222 0.02109375 0.03472222
0 0.81875000 0.78055556 0.02031250 0.04722222
1 0.06250000 0.90208333 0.03750000 0.04861111
0 0.28164062 0.56875000 0.04453125 0.07638889
0 0.26445313 0.21736111 0.04140625 0.07083333
0 0.40585938 0.30972222 0.04921875 0.08055556
0 0.42265625 0.22083333 0.02031250 0.02222222
0 0.87539063 0.14444444 0.03359375 0.07222222
0 0.21484375 0.56736111 0.02343750 0.05416667
0 0.80859375 0.76180556 0.03125000 0.05416667
0 0.73125000 0.77152778 0.02500000 0.03472222
0 0.11562500 0.24097222 0.02812500 0.03472222
0 0.45039063 0.25972222 0.06328125 0.10555556
0 0.15625000 0.87638889 0.03906250 0.07500000
0 0.03515625 0.12083333 0.00781250 0.01388889
0 0.08828125 0.23125000 0.02968750 0.04583333
0 0.18671875 0.03055556 0.01718750 0.01944444
0 0.06875000 0.30000000 0.02343750 0.03333333
0 0.17695312 0.09236111 0.01015625 0.00972222
0 0.25078125 0.48541667 0.01406250 0.02361111
0 0.02890625 0.06805556 0.02031250 0.03055556
0 0.03828125 0.09444444 0.01718750 0.01388889
0 0.50234375 0.70694444 0.03281250 0.03055556