0 0.61718750 0.87569444 0.01250000 0.01805556
0 0.59726562 0.79513889 0.01015625 0.01250000
0 0.69921875 0.84375000 0.00781250 0.01527778
0 0.46953125 0.87291667 0.00781250 0.01250000
0 0.49726562 0.89027778 0.01328125 0.02222222
0 0.62812500 0.86250000 0.01406250 0.02777778
0 0.07343750 0.98194444 0.01875000 0.03611111
0 0.50000000 0.90902778 0.01093750 0.02083333
0 0.92656250 0.93888889 0.01093750 0.01944444
0 0.06289063 0.94583333 0.01796875 0.03055556
0 0.51054687 0.90069444 0.01171875 0.02361111