0 0.67695313 0.69097222 0.01015625 0.02638889
5 0.41914063 0.62569444 0.01484375 0.06527778
0 0.18359375 0.54375000 0.04843750 0.05416667
0 0.17421875 0.10416667 0.02187500 0.03333333
0 0.14453125 0.48958333 0.03281250 0.07916667
0 0.67226563 0.96527778 0.04921875 0.06944444
0 0.16757812 0.48194444 0.03828125 0.07777778
2 0.12812500 0.80208333 0.05156250 0.08750000
0 0.70351562 0.55972222 0.04296875 0.04444444
0 0.71250000 0.62291667 0.05625000 0.09583333
0 0.66562500 0.61319444 0.03906250 0.08750000
0 0.19375000 0.09236111 0.01562500 0.01250000
0 0.08632813 0.82361111 0.03671875 0.07222222
0 0.15429688 0.14791667 0.00703125 0.01250000
0 0.19062500 0.15277778 0.02031250 0.03611111
0 0.09257813 0.08125000 0.01484375 0.02638889
0 0.09023438 0.01319444 0.01171875 0.01250000
0 0.08203125 0.02847222 0.02656250 0.02361111
0 0.68906250 0.70902778 0.01250000 0.02361111
0 0.76875000 0.39930556 0.04375000 0.04583333
0 0.42148438 0.39166667 0.06171875 0.10555556
0 0.62265625 0.84722222 0.06093750 0.11388889
0 0.69296875 0.23055556 0.02968750 0.06111111
0 0.63867188 0.93194444 0.03984375 0.07222222
0 0.10703125 0.20138889 0.02031250 0.02500000
0 0.65937500 0.90347222 0.02031250 0.06250000
0 0.01523437 0.63611111 0.02578125 0.03888889
0 0.49687500 0.18750000 0.04375000 0.06111111
0 0.74062500 0.22847222 0.04375000 0.06527778
0 0.00976562 0.87152778 0.01953125 0.04583333
2 0.03710938 0.04097222 0.01640625 0.01527778
0 0.41875000 0.33611111 0.02656250 0.02500000
0 0.44726562 0.77847222 0.03046875 0.03750000
0 0.69023437 0.51111111 0.01796875 0.01388889
0 0.11250000 0.05902778 0.00625000 0.02638889
0 0.45390625 0.12291667 0.04687500 0.08750000
0 0.45937500 0.17222222 0.03437500 0.04722222
0 0.49296875 0.16597222 0.04062500 0.03472222
0 0.69296875 0.68263889 0.01406250 0.03472222
0 0.36601562 0.40902778 0.05390625 0.09861111
0 0.44804688 0.72777778 0.03515625 0.09722222