2 0.01250000 0.72430556 0.02500000 0.06805556
0 0.14179687 0.08472222 0.01328125 0.02777778
0 0.75117188 0.30972222 0.01640625 0.02222222
0 0.87851563 0.42083333 0.07109375 0.11666667
0 0.87773437 0.49236111 0.05546875 0.13472222
0 0.04960937 0.27083333 0.01328125 0.02222222
0 0.01132812 0.02916667 0.01328125 0.01666667
3 0.75898438 0.41041667 0.08203125 0.14027778
0 0.15351562 0.07708333 0.01796875 0.02638889
0 0.03789062 0.23611111 0.01640625 0.01666667
0 0.56875000 0.48055556 0.04375000 0.06944444
0 0.51132813 0.45277778 0.03515625 0.04444444
0 0.44296875 0.78055556 0.05000000 0.10000000
0 0.31835938 0.77708333 0.02734375 0.04861111
0 0.30664062 0.56388889 0.03203125 0.05833333
0 0.34023437 0.56666667 0.03359375 0.05555556
0 0.15117188 0.44236111 0.04140625 0.06805556
0 0.11562500 0.45486111 0.03437500 0.06250000
0 0.01289063 0.51250000 0.02421875 0.04444444
0 0.00742187 0.88472222 0.01484375 0.04166667
0 0.17343750 0.25763889 0.02656250 0.03750000
0 0.04375000 0.23333333 0.02812500 0.02222222
0 0.53593750 0.38819444 0.04218750 0.07916667
0 0.50625000 0.35277778 0.05312500 0.10555556
0 0.49765625 0.19097222 0.02500000 0.05138889
0 0.46718750 0.13055556 0.02500000 0.02777778
0 0.46640625 0.07708333 0.05156250 0.09583333
0 0.40859375 0.10486111 0.03125000 0.07916667
0 0.42890625 0.12638889 0.05312500 0.09166667
0 0.52929688 0.18055556 0.03671875 0.08611111
0 0.81171875 0.44166667 0.02812500 0.03333333
0 0.85351562 0.81111111 0.04765625 0.06666667
0 0.79921875 0.51388889 0.06875000 0.11388889
0 0.81367188 0.96180556 0.10390625 0.07638889
0 0.45664063 0.16319444 0.04140625 0.06805556
5 0.48945313 0.74791667 0.05078125 0.09861111
0 0.56640625 0.43125000 0.04218750 0.05694444
0 0.73906250 0.30972222 0.00937500 0.01944444
0 0.75468750 0.18819444 0.01093750 0.01805556
0 0.74375000 0.19583333 0.00937500 0.02222222
0 0.76132812 0.30763889 0.01015625 0.02361111