0 0.08203125 0.09305556 0.04062500 0.04166667
0 0.62656250 0.45277778 0.02656250 0.03888889
0 0.85156250 0.03194444 0.04843750 0.06388889
0 0.55507813 0.65972222 0.01328125 0.03611111
0 0.51406250 0.67638889 0.02031250 0.02500000
0 0.51250000 0.70902778 0.01406250 0.01250000
0 0.21406250 0.64652778 0.00781250 0.01805556
0 0.69531250 0.21736111 0.01093750 0.01805556
0 0.82148438 0.07222222 0.03984375 0.05833333
0 0.78945312 0.07916667 0.02734375 0.04166667
0 0.67070312 0.64444444 0.02265625 0.05555556
0 0.09531250 0.90277778 0.01406250 0.02777778
0 0.82890625 0.82500000 0.04062500 0.06944444
0 0.15507813 0.49444444 0.01953125 0.02777778
0 0.82304687 0.38819444 0.04453125 0.07916667
0 0.18320312 0.45277778 0.01484375 0.02222222
0 0.06250000 0.06250000 0.03125000 0.05277778
0 0.09101563 0.42013889 0.03515625 0.05694444
0 0.03906250 0.86527778 0.01406250 0.02777778
0 0.84570312 0.41458333 0.02109375 0.06527778
0 0.01328125 0.30208333 0.02656250 0.04861111
0 0.04375000 0.31597222 0.02500000 0.03194444
0 0.43046875 0.69722222 0.00937500 0.01944444
0 0.18281250 0.64930556 0.00937500 0.02638889
0 0.67070312 0.63541667 0.02265625 0.03750000
0 0.03984375 0.28611111 0.03125000 0.04722222
0 0.55546875 0.32013889 0.01718750 0.02916667
0 0.54179687 0.66666667 0.01796875 0.03055556
0 0.16757812 0.50347222 0.01484375 0.02361111
0 0.90781250 0.80555556 0.04531250 0.09722222
0 0.65273437 0.45833333 0.03203125 0.04166667