0 0.94765625 0.74583333 0.01718750 0.03611111
0 0.50273437 0.54027778 0.00859375 0.02500000
0 0.89335937 0.82361111 0.04296875 0.10277778
0 0.56054688 0.34027778 0.01328125 0.01666667
0 0.88242188 0.27569444 0.02734375 0.03472222
0 0.78476562 0.53888889 0.01796875 0.03611111
0 0.11640625 0.50416667 0.02343750 0.03611111
0 0.62070312 0.50972222 0.02109375 0.03888889
0 0.58828125 0.23611111 0.01562500 0.02222222
0 0.68789062 0.84861111 0.03515625 0.06388889
0 0.72578125 0.21875000 0.01718750 0.02361111
0 0.58984375 0.36250000 0.02031250 0.03611111
0 0.42304687 0.78472222 0.01171875 0.01666667
0 0.56406250 0.35138889 0.00937500 0.01944444
0 0.69218750 0.45555556 0.02500000 0.04166667
0 0.96718750 0.55555556 0.05781250 0.08611111
0 0.67460937 0.47013889 0.02421875 0.03750000
0 0.60507812 0.36736111 0.01796875 0.02916667
0 0.14960937 0.42083333 0.01328125 0.02222222
0 0.13789062 0.39513889 0.01640625 0.02638889
0 0.02500000 0.14375000 0.03437500 0.05138889
0 0.99726563 0.57638889 0.00546875 0.05555556
0 0.14101563 0.29722222 0.01484375 0.02500000
0 0.56601563 0.89305556 0.01484375 0.03055556
0 0.66484375 0.84166667 0.02187500 0.06666667
0 0.42773438 0.70069444 0.01015625 0.01805556
0 0.94960938 0.88125000 0.07578125 0.11527778
0 0.88593750 0.89444444 0.06093750 0.10555556
0 0.50859375 0.58055556 0.01875000 0.03333333
0 0.49492188 0.57916667 0.01328125 0.02500000
0 0.91054688 0.26180556 0.03359375 0.05138889
0 0.51757812 0.56388889 0.02109375 0.03333333
0 0.00703125 0.31041667 0.01406250 0.03750000
0 0.03632813 0.32222222 0.03046875 0.04166667
0 0.51953125 0.53263889 0.01406250 0.02361111
0 0.93632812 0.68263889 0.02734375 0.05138889
0 0.98242188 0.68472222 0.03203125 0.05555556