0 0.44726562 0.52569444 0.01796875 0.02916667
0 0.32460937 0.75069444 0.02578125 0.05694444
0 0.60585937 0.58263889 0.01484375 0.03472222
0 0.42656250 0.51041667 0.02343750 0.03750000
0 0.58437500 0.72638889 0.03281250 0.05833333
0 0.90507812 0.89791667 0.01640625 0.02638889
0 0.61445313 0.78611111 0.03515625 0.05277778
0 0.44687500 0.68541667 0.02812500 0.04583333
0 0.34101562 0.66388889 0.01796875 0.02500000
1 0.29375000 0.89791667 0.01406250 0.01250000
1 0.28203125 0.90486111 0.02656250 0.03750000
0 0.03007813 0.83680556 0.01640625 0.02361111
0 0.01992187 0.62222222 0.01171875 0.02777778
0 0.58085937 0.90694444 0.03515625 0.04166667
0 0.35273438 0.62291667 0.02421875 0.04027778
0 0.61992187 0.56041667 0.02265625 0.03750000
0 0.06796875 0.78541667 0.01093750 0.01805556
0 0.07695313 0.78472222 0.00859375 0.01666667
0 0.58281250 0.77916667 0.02500000 0.03333333
0 0.29882812 0.70694444 0.00859375 0.01388889
0 0.11757813 0.60208333 0.00859375 0.02083333
0 0.01406250 0.60486111 0.01718750 0.02361111
0 0.79414063 0.88750000 0.01484375 0.02777778
0 0.58320313 0.98263889 0.02734375 0.03472222
0 0.07695313 0.64305556 0.00859375 0.01666667
0 0.08320313 0.65416667 0.01015625 0.01111111
0 0.35820312 0.76041667 0.00859375 0.04583333
0 0.59492188 0.75486111 0.02109375 0.03750000
0 0.63867188 0.75555556 0.03203125 0.04444444
0 0.41054687 0.65486111 0.02578125 0.04027778
0 0.80585938 0.89930556 0.01328125 0.02638889
0 0.45390625 0.49791667 0.02187500 0.03472222