0 0.05742188 0.87569444 0.01484375 0.02638889
0 0.51289063 0.94305556 0.01796875 0.02777778
0 0.44375000 0.82777778 0.01093750 0.02222222
0 0.44257813 0.80972222 0.01640625 0.02222222
0 0.68359375 0.83402778 0.03593750 0.06250000
0 0.99062500 0.98541667 0.01875000 0.02916667
0 0.43710938 0.99027778 0.01796875 0.01944444
0 0.43046875 0.94375000 0.01718750 0.02916667
0 0.41796875 0.94791667 0.01250000 0.02083333
0 0.68671875 0.98888889 0.02187500 0.02222222
0 0.45468750 0.81875000 0.01562500 0.02083333
0 0.41992188 0.81180556 0.00859375 0.00972222
0 0.53125000 0.65902778 0.00937500 0.01527778
0 0.40625000 0.99305556 0.01093750 0.01388889
0 0.52304687 0.95138889 0.01796875 0.02777778
0 0.42304687 0.99583333 0.01171875 0.00833333
0 0.41328125 0.98333333 0.01718750 0.03055556
0 0.02109375 0.98750000 0.02343750 0.02500000
0 0.02382812 0.95069444 0.01796875 0.03194444
0 0.57617188 0.75972222 0.01015625 0.01944444
0 0.00937500 0.95208333 0.01875000 0.04583333
0 0.04453125 0.87222222 0.01250000 0.02500000
0 0.09765625 0.91527778 0.01718750 0.02777778
0 0.08593750 0.90625000 0.01718750 0.03194444