0 0.98593750 0.84513889 0.02812500 0.04305556
0 0.19335938 0.86041667 0.05859375 0.07916667
0 0.06093750 0.37986111 0.02031250 0.03750000
0 0.02695313 0.37083333 0.02890625 0.04722222
0 0.17070313 0.45972222 0.04453125 0.06666667
0 0.14257812 0.51250000 0.03046875 0.05555556
3 0.17656250 0.77291667 0.04687500 0.10416667
0 0.39414063 0.04375000 0.02265625 0.04583333
0 0.45585937 0.42777778 0.01640625 0.05000000
0 0.36523438 0.74305556 0.07109375 0.12222222
0 0.03046875 0.36944444 0.02187500 0.04722222
0 0.23710938 0.07986111 0.02578125 0.04305556
0 0.97265625 0.96458333 0.05468750 0.07083333
0 0.26445313 0.12708333 0.03515625 0.05138889
0 0.32304688 0.81319444 0.06484375 0.09861111
0 0.66250000 0.15069444 0.02031250 0.02916667
0 0.38437500 0.81736111 0.05312500 0.10138889
0 0.18320313 0.37222222 0.02109375 0.03888889
0 0.60585937 0.36736111 0.05078125 0.08472222
0 0.24140625 0.84444444 0.02343750 0.02500000
0 0.24492188 0.17500000 0.01015625 0.03333333