0 0.37929687 0.76875000 0.02265625 0.08472222
0 0.21953125 0.34722222 0.02500000 0.04722222
0 0.37695312 0.14444444 0.02421875 0.02500000
0 0.68593750 0.45000000 0.01562500 0.02777778
0 0.21171875 0.13819444 0.02656250 0.05138889
0 0.18750000 0.13888889 0.02500000 0.05000000
0 0.59804688 0.52986111 0.01015625 0.01805556
0 0.58945313 0.51944444 0.01640625 0.03333333
0 0.52617187 0.88680556 0.01328125 0.04027778
0 0.84609375 0.37291667 0.01562500 0.02916667
0 0.67382812 0.45000000 0.01015625 0.02222222
0 0.20703125 0.31180556 0.02187500 0.04305556
0 0.66054688 0.67708333 0.02109375 0.04027778
0 0.68828125 0.69791667 0.01093750 0.02916667
0 0.67382812 0.70277778 0.01953125 0.03055556
0 0.55039062 0.87847222 0.02890625 0.05416667
0 0.59218750 0.80625000 0.01406250 0.03472222
0 0.88125000 0.49861111 0.06250000 0.07222222
0 0.09609375 0.29930556 0.02968750 0.04861111
0 0.83359375 0.36458333 0.01875000 0.03194444
0 0.13125000 0.92083333 0.03906250 0.05000000
0 0.02617188 0.54861111 0.02421875 0.02500000
0 0.05351562 0.53125000 0.03359375 0.04583333
0 0.93085938 0.47569444 0.04140625 0.08194444
0 0.22617187 0.08125000 0.03984375 0.06250000
0 0.97265625 0.31597222 0.04843750 0.07638889
0 0.39687500 0.08194444 0.04218750 0.07777778
0 0.35468750 0.07291667 0.03437500 0.05694444
0 0.65429688 0.56736111 0.01640625 0.02638889
0 0.67226562 0.56041667 0.01953125 0.03194444
0 0.66250000 0.55694444 0.01093750 0.02777778