0 0.41992188 0.43680556 0.01484375 0.02638889
0 0.06171875 0.70277778 0.01718750 0.02222222
0 0.18398438 0.50555556 0.01953125 0.03611111
0 0.37382813 0.86736111 0.02109375 0.05138889
0 0.54960937 0.47916667 0.00703125 0.01666667
0 0.50117188 0.44027778 0.01171875 0.02222222
0 0.00429688 0.56041667 0.00859375 0.02638889
0 0.50625000 0.84236111 0.02187500 0.06250000
0 0.49140625 0.42916667 0.01250000 0.02222222
0 0.53242188 0.84097222 0.04296875 0.07361111
0 0.42890625 0.41041667 0.02031250 0.03194444
0 0.69296875 0.99236111 0.01562500 0.01527778
0 0.70351563 0.77847222 0.01796875 0.02638889
0 0.33710938 0.84861111 0.02421875 0.05000000
0 0.22578125 0.35000000 0.02656250 0.03888889
0 0.01250000 0.57152778 0.01718750 0.02361111
0 0.19765625 0.32916667 0.03125000 0.05555556
0 0.39765625 0.38888889 0.02656250 0.04444444
0 0.05078125 0.61736111 0.00937500 0.02083333
0 0.02890625 0.26736111 0.00937500 0.01527778
0 0.15156250 0.50486111 0.02968750 0.05416667
0 0.21406250 0.13333333 0.01875000 0.02777778
0 0.52500000 0.89166667 0.03125000 0.05277778
0 0.01796875 0.83194444 0.01250000 0.01666667
0 0.39804688 0.83888889 0.03515625 0.05555556
0 0.60664063 0.66736111 0.02421875 0.04027778
0 0.55781250 0.67013889 0.03437500 0.04583333
0 0.13203125 0.56111111 0.02968750 0.03888889
0 0.10937500 0.50694444 0.02187500 0.04444444
0 0.07109375 0.43472222 0.01093750 0.01944444
0 0.83359375 0.88055556 0.01093750 0.03888889
0 0.41406250 0.59305556 0.01406250 0.03333333
0 0.82382812 0.77638889 0.01796875 0.03055556
0 0.84531250 0.77361111 0.02500000 0.04166667
0 0.39648438 0.42430556 0.01484375 0.02361111
0 0.56093750 0.69236111 0.03125000 0.03472222
0 0.05625000 0.97430556 0.03281250 0.05138889
0 0.59414063 0.69097222 0.03671875 0.04305556
0 0.82265625 0.75902778 0.02500000 0.02916667
0 0.47578125 0.42013889 0.01406250 0.02638889
0 0.85078125 0.90694444 0.02812500 0.04444444
0 0.42578125 0.37500000 0.02968750 0.03611111
0 0.57500000 0.46180556 0.02500000 0.03472222
0 0.04296875 0.27222222 0.00781250 0.01388889
0 0.83085937 0.55347222 0.00703125 0.01250000
0 0.84726562 0.67430556 0.01015625 0.02361111
0 0.86015625 0.66597222 0.01875000 0.02638889
0 0.20234375 0.45000000 0.01093750 0.01944444
0 0.35468750 0.57500000 0.04062500 0.04166667
0 0.80000000 0.98958333 0.01250000 0.02083333
0 0.56250000 0.88402778 0.03906250 0.07083333
1 0.17851563 0.67430556 0.02421875 0.05416667
1 0.12460937 0.67847222 0.03828125 0.07083333
1 0.07734375 0.89444444 0.03750000 0.04444444
1 0.04531250 0.90416667 0.04062500 0.07222222