0 0.43085937 0.04375000 0.02109375 0.03750000
0 0.44765625 0.34791667 0.05937500 0.10416667
0 0.06250000 0.07638889 0.02031250 0.03611111
0 0.05117188 0.59375000 0.01328125 0.05138889
0 0.11835938 0.81666667 0.06015625 0.09722222
0 0.04335937 0.63750000 0.02265625 0.05555556
0 0.47656250 0.07986111 0.04062500 0.05694444
0 0.00664062 0.59166667 0.01328125 0.03333333
0 0.22578125 0.41041667 0.03593750 0.05694444
0 0.16757812 0.33680556 0.01953125 0.06250000
0 0.44843750 0.39375000 0.05312500 0.04861111
0 0.84375000 0.60833333 0.09062500 0.11388889
0 0.61015625 0.98819444 0.02031250 0.02361111
0 0.93046875 0.50277778 0.10781250 0.15277778
0 0.25468750 0.91388889 0.02343750 0.08333333
0 0.01562500 0.44375000 0.03125000 0.04027778
0 0.47265625 0.44444444 0.04375000 0.05555556
0 0.25117187 0.40277778 0.03671875 0.07777778
0 0.03593750 0.21111111 0.02812500 0.04722222
0 0.05859375 0.23055556 0.02812500 0.04444444
0 0.49726562 0.01736111 0.03046875 0.03472222
0 0.07226562 0.83750000 0.03671875 0.05833333
0 0.01015625 0.39861111 0.02031250 0.05833333
0 0.58437500 0.98472222 0.02656250 0.03055556
0 0.22148438 0.11527778 0.03828125 0.07222222
0 0.07734375 0.23611111 0.01562500 0.03888889
0 0.08906250 0.22152778 0.01406250 0.02083333
0 0.50117188 0.50069444 0.04765625 0.07638889
0 0.08046875 0.08958333 0.00625000 0.02361111
0 0.45351562 0.08472222 0.01015625 0.03611111
0 0.35468750 0.85486111 0.02968750 0.07916667
0 0.08554687 0.09375000 0.00859375 0.02083333
0 0.18281250 0.07430556 0.04531250 0.04027778
0 0.83828125 0.50347222 0.09843750 0.16527778
0 0.58007812 0.58680556 0.06328125 0.09583333
0 0.50937500 0.45416667 0.03281250 0.05000000