0 0.73242188 0.44305556 0.01953125 0.03333333
0 0.14257812 0.44791667 0.01328125 0.01805556
1 0.34531250 0.59375000 0.01406250 0.02638889
4 0.61875000 0.16597222 0.02656250 0.04305556
0 0.10156250 0.07986111 0.01250000 0.03194444
4 0.74101562 0.49861111 0.05078125 0.08611111
0 0.47226563 0.18888889 0.01953125 0.03055556
0 0.40937500 0.26944444 0.01093750 0.01944444
0 0.41210938 0.31388889 0.01328125 0.02222222
0 0.43007812 0.25000000 0.01484375 0.02222222
0 0.45976562 0.20763889 0.01484375 0.02916667
0 0.50000000 0.11736111 0.01250000 0.01527778
0 0.98789062 0.25138889 0.01796875 0.02500000
0 0.12539063 0.12361111 0.00703125 0.01944444
0 0.44023437 0.16527778 0.00859375 0.01388889
0 0.36171875 0.48611111 0.00937500 0.01666667
0 0.94765625 0.06319444 0.04062500 0.08194444
0 0.91328125 0.10555556 0.02656250 0.05555556
0 0.74843750 0.02083333 0.04687500 0.04166667
2 0.97968750 0.31805556 0.04062500 0.08055556
0 0.49375000 0.98888889 0.02968750 0.02222222
0 0.49687500 0.10069444 0.01562500 0.02361111
0 0.43437500 0.84444444 0.02500000 0.03888889
0 0.41289062 0.82847222 0.02421875 0.04027778
0 0.13242188 0.22638889 0.01328125 0.02222222
0 0.43242188 0.17152778 0.01171875 0.01805556
0 0.42500000 0.30555556 0.01718750 0.02777778
0 0.41992188 0.26388889 0.01484375 0.02500000
0 0.91406250 0.04305556 0.04687500 0.08055556
0 0.05625000 0.06527778 0.02500000 0.04166667
0 0.07695312 0.08125000 0.01953125 0.04027778
0 0.15234375 0.45000000 0.00937500 0.01944444