0 0.52304688 0.57083333 0.01484375 0.01944444
0 0.49453125 0.48819444 0.01562500 0.01805556
0 0.96914062 0.45416667 0.05859375 0.09444444
0 0.11445312 0.40347222 0.02734375 0.03750000
1 0.50781250 0.95416667 0.02187500 0.03888889
0 0.47460938 0.98472222 0.00703125 0.02222222
0 0.77265625 0.62222222 0.04843750 0.07222222
0 0.04531250 0.38750000 0.02500000 0.03055556
0 0.06093750 0.40694444 0.01875000 0.03055556
0 0.01757812 0.37777778 0.03203125 0.04722222
0 0.55117188 0.42361111 0.01015625 0.01666667
0 0.97148437 0.90138889 0.03984375 0.07777778
0 0.80898437 0.63888889 0.02734375 0.05277778
0 0.76367188 0.58055556 0.03828125 0.05833333
0 0.90585938 0.55486111 0.04296875 0.05972222
0 0.96484375 0.26319444 0.04062500 0.09305556
0 0.80937500 0.38125000 0.02343750 0.04027778
0 0.84687500 0.83888889 0.05781250 0.09166667
0 0.77031250 0.14027778 0.01718750 0.02777778
0 0.49062500 0.96111111 0.01406250 0.02222222
0 0.63320313 0.63333333 0.01015625 0.02500000
0 0.78593750 0.11527778 0.02343750 0.03611111
0 0.39843750 0.73680556 0.00781250 0.01527778
0 0.99453125 0.46805556 0.01093750 0.06944444
0 0.98242188 0.25347222 0.03515625 0.09027778
0 0.02500000 0.77569444 0.02656250 0.04583333
0 0.80273438 0.57430556 0.04609375 0.08194444
0 0.89023438 0.86111111 0.03828125 0.07777778
0 0.51523438 0.79027778 0.01171875 0.02500000
0 0.97109375 0.83750000 0.03437500 0.06666667
0 0.13242187 0.37916667 0.01640625 0.02500000
0 0.87421875 0.57916667 0.02187500 0.03333333
0 0.79257812 0.42777778 0.02109375 0.03333333
0 0.04101562 0.41250000 0.02109375 0.03611111
0 0.00625000 0.78055556 0.01250000 0.05000000
0 0.59648437 0.77569444 0.03203125 0.05416667
0 0.57148438 0.78472222 0.02578125 0.05000000
0 0.53320312 0.55972222 0.00859375 0.01388889
0 0.16835938 0.59305556 0.01484375 0.02777778
0 0.11992187 0.56736111 0.01328125 0.03194444
0 0.39375000 0.80486111 0.00781250 0.01250000
0 0.43945312 0.63819444 0.00859375 0.01805556
0 0.02148438 0.22986111 0.01953125 0.02638889