0 0.34296875 0.02569444 0.04531250 0.05138889
0 0.06054688 0.81041667 0.03359375 0.07361111
0 0.33984375 0.31666667 0.01406250 0.04444444
0 0.36562500 0.96875000 0.02812500 0.04861111
0 0.10703125 0.12152778 0.02343750 0.03750000
0 0.57539063 0.89722222 0.03828125 0.05000000
0 0.54570312 0.53333333 0.04921875 0.08333333
0 0.03632813 0.85416667 0.02265625 0.05277778
0 0.25742188 0.89722222 0.02734375 0.04722222
0 0.54453125 0.89513889 0.02656250 0.05138889
0 0.34843750 0.52291667 0.04687500 0.10694444
0 0.00859375 0.32569444 0.01718750 0.03750000
0 0.96171875 0.63611111 0.05781250 0.08888889
0 0.62031250 0.56736111 0.04218750 0.10138889
0 0.96523438 0.70416667 0.05703125 0.07777778
0 0.40781250 0.39930556 0.02812500 0.04583333
0 0.07695313 0.32916667 0.01640625 0.02500000
0 0.13710937 0.31388889 0.01328125 0.02222222
0 0.10078125 0.31666667 0.02343750 0.05555556
0 0.25937500 0.58333333 0.02500000 0.03333333
0 0.06171875 0.75555556 0.01718750 0.02222222
0 0.22421875 0.97291667 0.03593750 0.05416667
0 0.91640625 0.61388889 0.05312500 0.08611111
0 0.59648437 0.24236111 0.04921875 0.05416667
0 0.02539062 0.53333333 0.02421875 0.03333333
0 0.08945312 0.11458333 0.01484375 0.02638889
0 0.09218750 0.35763889 0.02031250 0.03472222
0 0.12812500 0.31666667 0.01093750 0.03333333
0 0.12773438 0.10416667 0.02734375 0.04166667
0 0.66523438 0.22847222 0.05703125 0.07638889
0 0.30781250 0.05069444 0.03750000 0.07083333
0 0.38007812 0.32986111 0.04453125 0.08194444
0 0.23125000 0.89513889 0.02656250 0.02361111