0 0.50390625 0.52430556 0.01718750 0.02916667
0 0.68671875 0.34791667 0.02500000 0.03194444
0 0.59453125 0.32152778 0.02656250 0.05138889
0 0.62968750 0.55069444 0.03750000 0.06527778
0 0.52343750 0.52430556 0.02187500 0.02916667
0 0.87812500 0.15833333 0.02656250 0.03611111
0 0.19570313 0.53055556 0.01171875 0.01944444
0 0.94882812 0.85555556 0.02890625 0.04722222
0 0.66992188 0.21180556 0.01015625 0.02638889
0 0.90312500 0.90208333 0.05468750 0.08472222
0 0.60937500 0.58125000 0.02500000 0.04305556
0 0.65117187 0.33611111 0.02265625 0.04166667
0 0.59453125 0.22013889 0.01250000 0.02083333
0 0.66914063 0.21250000 0.01171875 0.02777778
0 0.14648438 0.26458333 0.01171875 0.02916667
0 0.03046875 0.01041667 0.03125000 0.02083333
0 0.15507813 0.48541667 0.02109375 0.04027778
0 0.04335937 0.03541667 0.02734375 0.04027778
0 0.88789063 0.13194444 0.03359375 0.04444444
0 0.57890625 0.34027778 0.02187500 0.03611111
0 0.13906250 0.82916667 0.01406250 0.01944444
0 0.11210937 0.79791667 0.01015625 0.02916667
0 0.63906250 0.58263889 0.03437500 0.05416667
0 0.56250000 0.33888889 0.01250000 0.02222222
0 0.66015625 0.36666667 0.02187500 0.03611111
0 0.84687500 0.14791667 0.02187500 0.03194444
0 0.39804688 0.99375000 0.01171875 0.01250000
0 0.12578125 0.42083333 0.02656250 0.04166667
0 0.15781250 0.28333333 0.01562500 0.02777778
0 0.05742187 0.05277778 0.01953125 0.02500000
0 0.46250000 0.65972222 0.01250000 0.02222222
0 0.68281250 0.36666667 0.02500000 0.03333333