0 0.67304688 0.28541667 0.01484375 0.02638889
0 0.99296875 0.48888889 0.01406250 0.07500000
1 0.79570312 0.96736111 0.03984375 0.06527778
0 0.99101562 0.39097222 0.01796875 0.08194444
0 0.80429687 0.41319444 0.03359375 0.05972222
0 0.67656250 0.60000000 0.02968750 0.04722222
0 0.00937500 0.63055556 0.01875000 0.05555556
0 0.46835938 0.94513889 0.01484375 0.02916667
0 0.98046875 0.02152778 0.03906250 0.04305556
0 0.46289062 0.50416667 0.01171875 0.01944444
0 0.56484375 0.31527778 0.01562500 0.02500000
0 0.22656250 0.37638889 0.01250000 0.01944444
0 0.11914062 0.02638889 0.02421875 0.04444444
0 0.42773438 0.54930556 0.01015625 0.02361111
0 0.83515625 0.41944444 0.03281250 0.06111111
0 0.59921875 0.30347222 0.01875000 0.02916667
0 0.63671875 0.42916667 0.01875000 0.02500000
0 0.14843750 0.27430556 0.02187500 0.04583333
0 0.04687500 0.69097222 0.02656250 0.04861111
0 0.20390625 0.48263889 0.01093750 0.02361111
0 0.23554687 0.38125000 0.01015625 0.01527778
0 0.22148438 0.35486111 0.01796875 0.02638889
0 0.01679687 0.67430556 0.03359375 0.05416667
0 0.51367188 0.61597222 0.01171875 0.02083333
0 0.79609375 0.32986111 0.01875000 0.02638889