0 0.41093750 0.85416667 0.01250000 0.02500000
0 0.05898437 0.90138889 0.02578125 0.04444444
0 0.50312500 0.57152778 0.00781250 0.01250000
0 0.11992188 0.79444444 0.01171875 0.02222222
0 0.47539063 0.80000000 0.01171875 0.02222222
0 0.54257813 0.83611111 0.01953125 0.04444444
0 0.42148438 0.84791667 0.01484375 0.02361111
0 0.44179687 0.90138889 0.01328125 0.02777778
0 0.53320312 0.95763889 0.01953125 0.05138889
0 0.41718750 0.80763889 0.01406250 0.02361111
0 0.43867187 0.70694444 0.01015625 0.01666667
0 0.38437500 0.87361111 0.01093750 0.01944444
0 0.39921875 0.85555556 0.01093750 0.01944444
0 0.00585938 0.67986111 0.01171875 0.02638889
0 0.45195312 0.89513889 0.01484375 0.03194444
0 0.42617187 0.70138889 0.01171875 0.01944444
0 0.42773438 0.71597222 0.01015625 0.01805556
0 0.66601562 0.81388889 0.01953125 0.03055556
0 0.37617188 0.87638889 0.00859375 0.01944444
0 0.43437500 0.71319444 0.00781250 0.01527778
0 0.10703125 0.79375000 0.01718750 0.02916667
0 0.09414063 0.77430556 0.01953125 0.04305556
0 0.48476562 0.80486111 0.00859375 0.01250000
0 0.15195312 0.85902778 0.01171875 0.02083333
0 0.76914062 0.76111111 0.01328125 0.01944444
0 0.56210937 0.71111111 0.02109375 0.03888889
0 0.13203125 0.74513889 0.01093750 0.02083333
0 0.40820312 0.80763889 0.01171875 0.02361111
0 0.81640625 0.99027778 0.01562500 0.01944444
0 0.56210937 0.95625000 0.01328125 0.04305556
0 0.69062500 0.79930556 0.02031250 0.03472222
0 0.83007812 0.83263889 0.02421875 0.03472222
0 0.14570312 0.77291667 0.01328125 0.02361111
0 0.86601562 0.98958333 0.01640625 0.02083333
0 0.15820312 0.96736111 0.01015625 0.01527778
0 0.10000000 0.61111111 0.00937500 0.02222222
0 0.68867188 0.83263889 0.01640625 0.02361111
0 0.66562500 0.84791667 0.01250000 0.02083333
0 0.68320312 0.84861111 0.01015625 0.02222222
0 0.65156250 0.92569444 0.02500000 0.05138889
0 0.12773438 0.63888889 0.01171875 0.01666667