0 0.59179688 0.56736111 0.02265625 0.04305556
0 0.48593750 0.83750000 0.02187500 0.03611111
0 0.15429688 0.05625000 0.01015625 0.01805556
0 0.80664062 0.27430556 0.02109375 0.03472222
0 0.61054688 0.25972222 0.01015625 0.02222222
0 0.60351562 0.25694444 0.01484375 0.02777778
0 0.64960938 0.40555556 0.01953125 0.05555556
0 0.42929688 0.75972222 0.00703125 0.01666667
0 0.67578125 0.33750000 0.02187500 0.04722222
0 0.12773438 0.43888889 0.01796875 0.02777778
0 0.67421875 0.39513889 0.03125000 0.06250000
0 0.84140625 0.26111111 0.05156250 0.07777778
0 0.54843750 0.80625000 0.01718750 0.02361111
0 0.01210938 0.89166667 0.02421875 0.05555556
0 0.48007813 0.93819444 0.02109375 0.03194444
0 0.50000000 0.55972222 0.01875000 0.03055556
0 0.43554688 0.75000000 0.01015625 0.02222222
0 0.73281250 0.10555556 0.02500000 0.05277778
0 0.14335938 0.19444444 0.01328125 0.01666667