0 0.13632812 0.56180556 0.03671875 0.05972222
0 0.78320312 0.52152778 0.05546875 0.11250000
0 0.80937500 0.08888889 0.06718750 0.12222222
0 0.52929688 0.44722222 0.02890625 0.07222222
0 0.76914063 0.21180556 0.03984375 0.04583333
0 0.50507813 0.44375000 0.03046875 0.06805556
0 0.37265625 0.08819444 0.03437500 0.06250000
0 0.89179688 0.46041667 0.04453125 0.14583333
0 0.78945312 0.45000000 0.04765625 0.05555556
0 0.10585938 0.03888889 0.01328125 0.02222222
0 0.55312500 0.14930556 0.03281250 0.04305556
0 0.10664063 0.16111111 0.02890625 0.03611111
0 0.33242187 0.31180556 0.03515625 0.07638889
0 0.06328125 0.45000000 0.03593750 0.05000000
0 0.08984375 0.14444444 0.02343750 0.03888889
0 0.05664062 0.42291667 0.03359375 0.04583333
0 0.17304687 0.26111111 0.01015625 0.03611111
0 0.09140625 0.45069444 0.01562500 0.03472222
0 0.56914062 0.22708333 0.03046875 0.05416667
0 0.81718750 0.18819444 0.06406250 0.10694444
0 0.76523438 0.14930556 0.06171875 0.09861111
0 0.37187500 0.40763889 0.01875000 0.04027778
0 0.83906250 0.49027778 0.08281250 0.13055556
0 0.21367188 0.31250000 0.01328125 0.04166667
0 0.18828125 0.08541667 0.02812500 0.02916667
0 0.02109375 0.04305556 0.01875000 0.02500000
0 0.34414062 0.36944444 0.02890625 0.03888889
0 0.84804688 0.09722222 0.02890625 0.11388889
0 0.34140625 0.08958333 0.01562500 0.04861111
0 0.44492188 0.42569444 0.01796875 0.07083333