0 0.19296875 0.30694444 0.03437500 0.06111111
0 0.64804687 0.68541667 0.03671875 0.04583333
0 0.55351562 0.31666667 0.03515625 0.05555556
0 0.77500000 0.11180556 0.04531250 0.08750000
0 0.58164063 0.26458333 0.03984375 0.06250000
0 0.20585938 0.48611111 0.03828125 0.06111111
0 0.34960938 0.06319444 0.04296875 0.07361111
0 0.71757812 0.52569444 0.05859375 0.09861111
0 0.32109375 0.09375000 0.04062500 0.06805556
0 0.43007812 0.80486111 0.03671875 0.06527778
4 0.29257813 0.56388889 0.03671875 0.06944444
0 0.72851562 0.43888889 0.06484375 0.12222222
4 0.76914063 0.86319444 0.04765625 0.13194444
0 0.71015625 0.08194444 0.04062500 0.09722222
0 0.79960937 0.03819444 0.07421875 0.07638889
0 0.25156250 0.86527778 0.05156250 0.06111111
0 0.49765625 0.53888889 0.03593750 0.04166667
0 0.77656250 0.57847222 0.06562500 0.09027778
0 0.40039062 0.80972222 0.02578125 0.05277778
0 0.11875000 0.97152778 0.03750000 0.03472222
0 0.15664062 0.74791667 0.02578125 0.06250000
0 0.29375000 0.22638889 0.03750000 0.06111111
0 0.32734375 0.21527778 0.04531250 0.07222222
0 0.23476562 0.50277778 0.02578125 0.04166667
0 0.26875000 0.21944444 0.02656250 0.05555556
0 0.05781250 0.36319444 0.01875000 0.03194444
0 0.74062500 0.04930556 0.06093750 0.09861111
0 0.68164062 0.70416667 0.03671875 0.10277778
0 0.64687500 0.72777778 0.04531250 0.07777778
0 0.52265625 0.58125000 0.01718750 0.04861111
0 0.21289062 0.17083333 0.01640625 0.02777778
0 0.78359375 0.49930556 0.07500000 0.14583333
0 0.28710938 0.10069444 0.03515625 0.05972222
0 0.16679688 0.30069444 0.01796875 0.02361111
0 0.16914062 0.33472222 0.03515625 0.05833333
2 0.80820313 0.85833333 0.08203125 0.15000000