0 0.70078125 0.74930556 0.01250000 0.02361111
0 0.46484375 0.63125000 0.02031250 0.04305556
0 0.75664062 0.89236111 0.02578125 0.04861111
0 0.30039063 0.43333333 0.01328125 0.02222222
0 0.30312500 0.40833333 0.02031250 0.03055556
0 0.45703125 0.78333333 0.03125000 0.03888889
0 0.46250000 0.85555556 0.02500000 0.04722222
0 0.88203125 0.76458333 0.02500000 0.02916667
0 0.78710938 0.73194444 0.01328125 0.02500000
0 0.45312500 0.65625000 0.02656250 0.03194444
0 0.26992187 0.54791667 0.03046875 0.04583333
0 0.30859375 0.57638889 0.03125000 0.04722222
0 0.34960938 0.16041667 0.01015625 0.01805556
0 0.74179688 0.87708333 0.02265625 0.03194444
0 0.92382812 0.65902778 0.02734375 0.04027778
0 0.97382813 0.63333333 0.01796875 0.03333333
1 0.15742187 0.82986111 0.02734375 0.04305556
0 0.19570313 0.66319444 0.03046875 0.05694444
0 0.28085938 0.39375000 0.02421875 0.04027778
0 0.31210938 0.37847222 0.02734375 0.03750000
0 0.68593750 0.74166667 0.01562500 0.03055556
0 0.27265625 0.42916667 0.01093750 0.01944444
5 0.57421875 0.86250000 0.01093750 0.03888889
0 0.47539062 0.45208333 0.01640625 0.03472222
0 0.50351562 0.43819444 0.01015625 0.01805556
0 0.46054688 0.40555556 0.01015625 0.01388889
0 0.66796875 0.97361111 0.01562500 0.02777778
0 0.48906250 0.42916667 0.02500000 0.04444444
0 0.71953125 0.90902778 0.01718750 0.04305556
0 0.73476562 0.90902778 0.02265625 0.04027778
0 0.65585937 0.96180556 0.01328125 0.02916667
0 0.74335938 0.92152778 0.01484375 0.02638889
0 0.50898438 0.62500000 0.03359375 0.05000000
0 0.48359375 0.66111111 0.03593750 0.05555556
0 0.22187500 0.52013889 0.02500000 0.04027778