0 0.16718750 0.11805556 0.03593750 0.05833333
0 0.00820313 0.16180556 0.01171875 0.02361111
0 0.60625000 0.88055556 0.07656250 0.12777778
0 0.30468750 0.03402778 0.02968750 0.04861111
0 0.64921875 0.92777778 0.04375000 0.07777778
0 0.14179687 0.14861111 0.02890625 0.05277778
0 0.63828125 0.85486111 0.02500000 0.07083333
0 0.56445312 0.14791667 0.04453125 0.06250000
0 0.34101562 0.28472222 0.04296875 0.05833333
0 0.95000000 0.38750000 0.03906250 0.06388889
0 0.02187500 0.16875000 0.02031250 0.02916667
0 0.00625000 0.32500000 0.01250000 0.03333333
0 0.03984375 0.15763889 0.02343750 0.03194444
0 0.90468750 0.42500000 0.04843750 0.04444444
0 0.01835938 0.97222222 0.03671875 0.05555556
0 0.31093750 0.51250000 0.02656250 0.06388889
0 0.62382812 0.19652778 0.04296875 0.09861111
0 0.88242188 0.37638889 0.05390625 0.09722222
0 0.64648438 0.70763889 0.05078125 0.10416667
0 0.16445313 0.90833333 0.04765625 0.07500000
0 0.55625000 0.59097222 0.06562500 0.12361111
0 0.58906250 0.70000000 0.06718750 0.11388889