0 0.95703125 0.37986111 0.02656250 0.02638889
0 0.36250000 0.63611111 0.05312500 0.08888889
0 0.66953125 0.49166667 0.05156250 0.11111111
0 0.91015625 0.11250000 0.03281250 0.07500000
0 0.18828125 0.29305556 0.04687500 0.07777778
0 0.91679687 0.05277778 0.01953125 0.02777778
0 0.41992188 0.58958333 0.05390625 0.09583333
0 0.69140625 0.15902778 0.02187500 0.04027778
0 0.73125000 0.47638889 0.07187500 0.12500000
0 0.70039063 0.48958333 0.02890625 0.10138889
0 0.82539063 0.05069444 0.06484375 0.09027778
0 0.15664063 0.31736111 0.02421875 0.03194444
0 0.88906250 0.09027778 0.03281250 0.05277778
0 0.81015625 0.44930556 0.05156250 0.06805556
0 0.27734375 0.77430556 0.01875000 0.05972222
0 0.44414063 0.03194444 0.04453125 0.06388889
0 0.35273438 0.98263889 0.02265625 0.03472222
0 0.36992187 0.53750000 0.06171875 0.10833333
0 0.40585938 0.66666667 0.05078125 0.08055556
0 0.32968750 0.26944444 0.04218750 0.07777778
0 0.13671875 0.13472222 0.02187500 0.03333333
0 0.66054688 0.55902778 0.06484375 0.05694444
0 0.98281250 0.97083333 0.03437500 0.05833333
0 0.83398438 0.85763889 0.06015625 0.09861111
0 0.41445312 0.02916667 0.04140625 0.05555556