0 0.79218750 0.69861111 0.01406250 0.02222222
0 0.06757813 0.05000000 0.03046875 0.04444444
0 0.45898438 0.15138889 0.05390625 0.11111111
0 0.78867187 0.33055556 0.01796875 0.03333333
0 0.24179688 0.61180556 0.05078125 0.08194444
0 0.22070312 0.67013889 0.03671875 0.04861111
0 0.77968750 0.68263889 0.01718750 0.02638889
0 0.22695312 0.42986111 0.05078125 0.09027778
0 0.23789062 0.49583333 0.04453125 0.07500000
0 0.51406250 0.11388889 0.06718750 0.12500000
0 0.76992187 0.33958333 0.02265625 0.04027778
0 0.58750000 0.54513889 0.05000000 0.09305556
0 0.79960937 0.66875000 0.01328125 0.02916667
0 0.15078125 0.01041667 0.02343750 0.02083333
0 0.13789062 0.37569444 0.02265625 0.04305556
0 0.04453125 0.07083333 0.02031250 0.04166667
0 0.26914063 0.63611111 0.02109375 0.01944444
0 0.47812500 0.96597222 0.03750000 0.06805556
0 0.58906250 0.79722222 0.01250000 0.02777778
0 0.58164062 0.81041667 0.01328125 0.02361111