0 0.65078125 0.90486111 0.01250000 0.03194444
0 0.49531250 0.91041667 0.04062500 0.07361111
0 0.70390625 0.81736111 0.04062500 0.04027778
0 0.30390625 0.78750000 0.01250000 0.03611111
0 0.65703125 0.21875000 0.01250000 0.02361111
0 0.79023438 0.43611111 0.02265625 0.04166667
0 0.25859375 0.77708333 0.04062500 0.05972222
0 0.77617187 0.43402778 0.01640625 0.04305556
0 0.26953125 0.82013889 0.03125000 0.05138889
0 0.12617187 0.74166667 0.02265625 0.02777778
0 0.67656250 0.86250000 0.03125000 0.05277778
0 0.29648438 0.81041667 0.01953125 0.02916667
0 0.11289062 0.75208333 0.01171875 0.02361111