0 0.64492188 0.38055556 0.02109375 0.03333333
0 0.55859375 0.51041667 0.00937500 0.01805556
0 0.87304688 0.06597222 0.02109375 0.02916667
0 0.95976562 0.17361111 0.01171875 0.01944444
0 0.87343750 0.09097222 0.02031250 0.03194444
0 0.96835938 0.17500000 0.00859375 0.01666667
0 0.86289062 0.73194444 0.02109375 0.08611111
0 0.85390625 0.49305556 0.02187500 0.03888889
4 0.10117187 0.60902778 0.02265625 0.04305556
0 0.11171875 0.25347222 0.00937500 0.02083333
0 0.12109375 0.74583333 0.00781250 0.03611111
0 0.82148438 0.25416667 0.02890625 0.04166667
0 0.87773437 0.76944444 0.02890625 0.04444444
0 0.22265625 0.70833333 0.00781250 0.01388889
0 0.67851562 0.32847222 0.01640625 0.02638889
0 0.65664063 0.33055556 0.02109375 0.03611111
0 0.12734375 0.61041667 0.02500000 0.03750000
0 0.74648438 0.28472222 0.01328125 0.02500000
0 0.70585937 0.19791667 0.02109375 0.03750000
0 0.49882812 0.47569444 0.01171875 0.01805556
0 0.48750000 0.46805556 0.01250000 0.01388889
0 0.21445313 0.70902778 0.01015625 0.01527778
0 0.48984375 0.48125000 0.01093750 0.01805556
0 0.42460937 0.71875000 0.00859375 0.01527778
0 0.52500000 0.60000000 0.01875000 0.03611111
0 0.51250000 0.60972222 0.01562500 0.03055556
0 0.43203125 0.71666667 0.00781250 0.01666667
0 0.12109375 0.24236111 0.01406250 0.02638889
0 0.68632812 0.18750000 0.01953125 0.03888889
0 0.93593750 0.16458333 0.01093750 0.02361111
0 0.02929688 0.09652778 0.01328125 0.04861111
0 0.54960937 0.50069444 0.01484375 0.02638889
0 0.17968750 0.40555556 0.01250000 0.02222222
0 0.16679688 0.12500000 0.00859375 0.01666667
0 0.84492188 0.10902778 0.01171875 0.02361111
0 0.08710937 0.51597222 0.01484375 0.02916667
0 0.47265625 0.74583333 0.00937500 0.02222222
1 0.51132812 0.83055556 0.01796875 0.03611111
1 0.04101562 0.84166667 0.04296875 0.05833333
4 0.65976563 0.89097222 0.03046875 0.05138889
0 0.47617188 0.57638889 0.01328125 0.02500000
0 0.02304688 0.30486111 0.03203125 0.05694444
0 0.11093750 0.64097222 0.02500000 0.04027778
0 0.16953125 0.38958333 0.01250000 0.02083333
0 0.00820313 0.09027778 0.01640625 0.06944444
0 0.86054688 0.26944444 0.02578125 0.03611111
0 0.62421875 0.34583333 0.01250000 0.03055556
0 0.91132813 0.96736111 0.03984375 0.06527778
0 0.98554688 0.98263889 0.02890625 0.03472222
0 0.48203125 0.61875000 0.01718750 0.02361111
0 0.46875000 0.62777778 0.01250000 0.02222222
0 0.69062500 0.46666667 0.02968750 0.07500000
0 0.46132812 0.64097222 0.01171875 0.02083333
0 0.70507812 0.04513889 0.01328125 0.02361111
0 0.99414062 0.51944444 0.01171875 0.05277778
0 0.46562500 0.57916667 0.01093750 0.02222222
0 0.59765625 0.64305556 0.02656250 0.06111111
0 0.84375000 0.08402778 0.02656250 0.03750000
0 0.92421875 0.53333333 0.02500000 0.05000000
0 0.64140625 0.46250000 0.03125000 0.05833333
0 0.70078125 0.07222222 0.01093750 0.01388889
0 0.77929688 0.98750000 0.03515625 0.02500000
0 0.48515625 0.56111111 0.01093750 0.02500000
0 0.62304688 0.63680556 0.02734375 0.06527778
0 0.45156250 0.65486111 0.00781250 0.01805556
0 0.90273438 0.71597222 0.04921875 0.08472222
0 0.10937500 0.49166667 0.01562500 0.04444444
4 0.01562500 0.80763889 0.03125000 0.07638889
0 0.19609375 0.58888889 0.01250000 0.01944444
0 0.15664063 0.38541667 0.01640625 0.02916667
0 0.45429687 0.85069444 0.01015625 0.01527778
0 0.14257812 0.36111111 0.01640625 0.02777778
0 0.13242187 0.63750000 0.01953125 0.03333333
0 0.87812500 0.48333333 0.03437500 0.05833333