0 0.43359375 0.62569444 0.03125000 0.05416667
0 0.87343750 0.89236111 0.02500000 0.03472222
0 0.89218750 0.67708333 0.00781250 0.01250000
1 0.17343750 0.90000000 0.02968750 0.08611111
0 0.62031250 0.96527778 0.03750000 0.06111111
0 0.60429687 0.68958333 0.01328125 0.03194444
0 0.47304687 0.60486111 0.02578125 0.04861111
0 0.05429687 0.82916667 0.01953125 0.04166667
0 0.09609375 0.70138889 0.02968750 0.06111111
0 0.19531250 0.49097222 0.03906250 0.06527778
0 0.47265625 0.65138889 0.02500000 0.04166667
0 0.47031250 0.30138889 0.01093750 0.02222222
0 0.38593750 0.84444444 0.04218750 0.04166667
0 0.45078125 0.77013889 0.03125000 0.04305556
0 0.12109375 0.76111111 0.03437500 0.04166667
0 0.45937500 0.67847222 0.02031250 0.03750000
0 0.02265625 0.93055556 0.02343750 0.04166667
0 0.14218750 0.69861111 0.03593750 0.06944444
0 0.89921875 0.91250000 0.02812500 0.04444444
0 0.03203125 0.36041667 0.01093750 0.01805556
0 0.74531250 0.90763889 0.01093750 0.02916667
0 0.87617188 0.91666667 0.02109375 0.03611111
0 0.63242188 0.66805556 0.03046875 0.04166667
0 0.66171875 0.96111111 0.04218750 0.06388889
0 0.01445313 0.35972222 0.01015625 0.01666667
0 0.61757813 0.91527778 0.04140625 0.06111111
0 0.39492187 0.87500000 0.02421875 0.07500000
0 0.00351563 0.68750000 0.00703125 0.01666667
0 0.66406250 0.91041667 0.04375000 0.06805556
0 0.91484375 0.79027778 0.02343750 0.04166667
0 0.90078125 0.80069444 0.01718750 0.02361111
0 0.18046875 0.68472222 0.02187500 0.06111111
0 0.51250000 0.59166667 0.01562500 0.02500000
0 0.22734375 0.51458333 0.03125000 0.04027778
0 0.43671875 0.67777778 0.01562500 0.02500000
0 0.88203125 0.66736111 0.00781250 0.01527778
1 0.11015625 0.90902778 0.04687500 0.09583333