0 0.15507813 0.33472222 0.02265625 0.03611111
0 0.41601562 0.44166667 0.06484375 0.11666667
0 0.52968750 0.92916667 0.04843750 0.05277778
0 0.41015625 0.53333333 0.04062500 0.06944444
0 0.49140625 0.07708333 0.04062500 0.06527778
0 0.79414063 0.17708333 0.03828125 0.07638889
0 0.53007812 0.06597222 0.03984375 0.06805556
0 0.81367188 0.80000000 0.10234375 0.18611111
0 0.37695312 0.50694444 0.05859375 0.09166667
0 0.53867188 0.85625000 0.03828125 0.10138889
0 0.74335938 0.90277778 0.09765625 0.17222222
0 0.81406250 0.93402778 0.08593750 0.12916667
3 0.45000000 0.83125000 0.07343750 0.13750000
0 0.18007812 0.29444444 0.03671875 0.05833333
0 0.15312500 0.26805556 0.03125000 0.07222222
0 0.22109375 0.69791667 0.01875000 0.02083333
0 0.47656250 0.65625000 0.03125000 0.04305556
0 0.17968750 0.28611111 0.03750000 0.07500000
0 0.15742187 0.26388889 0.01953125 0.06666667
0 0.37148437 0.56736111 0.04921875 0.06527778
0 0.51445312 0.03472222 0.05234375 0.06944444
0 0.43398437 0.46875000 0.04921875 0.08472222
0 0.17890625 0.33888889 0.03125000 0.03888889
0 0.87382812 0.21666667 0.04453125 0.07777778
0 0.47304687 0.94652778 0.06640625 0.10694444