0 0.59062500 0.53541667 0.03750000 0.05416667
0 0.09648437 0.30833333 0.02109375 0.03333333
0 0.45898438 0.80555556 0.00859375 0.01944444
0 0.80039062 0.44375000 0.01328125 0.03750000
0 0.62226563 0.07013889 0.00703125 0.01250000
0 0.72578125 0.02638889 0.01875000 0.03611111
0 0.73007812 0.01111111 0.01328125 0.02222222
0 0.64375000 0.42083333 0.01093750 0.01388889
0 0.62695312 0.37847222 0.02109375 0.02638889
0 0.97460938 0.37986111 0.04296875 0.05138889
0 0.98593750 0.32013889 0.02812500 0.07361111
0 0.77929688 0.43611111 0.04140625 0.04722222
0 0.58242188 0.95694444 0.01796875 0.03611111
0 0.57539063 0.97847222 0.01484375 0.04027778
0 0.43476563 0.55625000 0.00703125 0.01805556
0 0.73867188 0.26250000 0.02578125 0.03888889
0 0.75664062 0.22222222 0.03046875 0.04444444
0 0.51562500 0.59236111 0.01562500 0.02638889
0 0.12460937 0.03194444 0.00859375 0.01666667
0 0.57812500 0.49444444 0.01718750 0.03055556
0 0.12226563 0.60347222 0.01328125 0.02361111
0 0.14609375 0.86458333 0.01406250 0.02361111
0 0.57695312 0.55277778 0.02421875 0.04444444
0 0.65273438 0.24027778 0.01328125 0.02222222
0 0.64023438 0.22708333 0.01484375 0.02361111
0 0.01757812 0.42777778 0.03515625 0.05833333
0 0.06875000 0.30972222 0.02031250 0.03333333
0 0.05742187 0.27708333 0.02734375 0.04861111
0 0.06132812 0.14027778 0.02578125 0.03333333
0 0.72968750 0.21250000 0.03437500 0.05277778
0 0.83671875 0.90347222 0.01562500 0.03194444
0 0.44960937 0.70555556 0.01328125 0.02500000
2 0.46015625 0.68958333 0.01093750 0.02361111
0 0.88515625 0.70972222 0.01093750 0.01666667
0 0.44335938 0.81041667 0.01640625 0.02361111
0 0.44375000 0.71875000 0.00937500 0.02361111
0 0.55781250 0.55138889 0.01718750 0.03611111