0 0.34492188 0.29930556 0.04765625 0.06527778
0 0.17421875 0.58750000 0.02343750 0.01944444
0 0.72109375 0.48680556 0.01093750 0.02916667
0 0.08281250 0.86527778 0.03593750 0.05277778
0 0.12656250 0.55555556 0.01250000 0.04444444
0 0.38906250 0.65347222 0.05000000 0.03194444
0 0.05234375 0.24583333 0.02812500 0.05000000
0 0.17109375 0.46666667 0.01093750 0.02222222
0 0.70664063 0.49027778 0.01953125 0.02500000
0 0.72773438 0.47083333 0.02109375 0.03055556
0 0.18671875 0.19861111 0.04218750 0.06944444
0 0.02343750 0.23125000 0.03125000 0.04583333
0 0.15976562 0.46666667 0.01484375 0.02777778
0 0.71992188 0.53541667 0.02265625 0.02638889
0 0.06132812 0.89166667 0.02109375 0.03888889
0 0.30390625 0.27152778 0.05156250 0.08194444
0 0.01093750 0.46319444 0.01406250 0.03750000
0 0.18593750 0.54513889 0.02500000 0.05416667
0 0.00625000 0.91527778 0.01250000 0.03611111
0 0.74687500 0.49305556 0.01250000 0.01944444
0 0.34648438 0.21736111 0.06640625 0.11250000