0 0.19843750 0.35416667 0.01250000 0.01944444
0 0.02656250 0.60486111 0.01562500 0.01805556
0 0.75468750 0.04930556 0.03125000 0.04305556
0 0.58085937 0.74027778 0.03671875 0.07500000
0 0.93085938 0.32361111 0.04453125 0.07500000
0 0.74726563 0.82500000 0.03515625 0.08333333
0 0.17578125 0.46388889 0.00625000 0.01944444
0 0.18281250 0.46666667 0.01250000 0.01666667
0 0.87929687 0.11180556 0.02265625 0.02916667
0 0.74375000 0.27916667 0.03906250 0.06944444
0 0.44804688 0.78402778 0.01171875 0.03472222
0 0.46914062 0.89861111 0.01328125 0.02777778
0 0.50781250 0.35208333 0.00937500 0.02361111
2 0.46835938 0.75000000 0.01640625 0.02777778
0 0.01289062 0.63958333 0.01953125 0.03194444
0 0.22617188 0.52916667 0.01015625 0.02222222
0 0.75937500 0.08125000 0.02968750 0.03194444
0 0.54804688 0.61805556 0.01171875 0.03055556
0 0.43554688 0.57777778 0.01015625 0.02222222
0 0.45625000 0.76944444 0.01718750 0.03333333
0 0.20546875 0.36736111 0.01093750 0.01250000
0 0.48515625 0.36944444 0.00781250 0.01666667
0 0.55546875 0.77152778 0.02812500 0.04305556
0 0.18242188 0.45138889 0.00859375 0.01388889
0 0.64023438 0.55000000 0.03046875 0.05833333
0 0.67421875 0.54930556 0.04218750 0.07083333
0 0.52734375 0.65902778 0.02343750 0.03472222
0 0.64218750 0.48402778 0.02500000 0.05416667
0 0.44960937 0.90763889 0.02109375 0.03194444
0 0.67773438 0.50555556 0.04453125 0.05555556
0 0.77617187 0.06458333 0.02265625 0.03472222
0 0.57695312 0.79791667 0.02421875 0.05694444
0 0.70468750 0.53125000 0.04062500 0.07638889