0 0.38515625 0.54791667 0.02500000 0.05694444
0 0.45195312 0.53263889 0.04609375 0.04583333
0 0.38554688 0.60694444 0.02890625 0.07777778
1 0.13945313 0.97361111 0.03828125 0.05277778
0 0.86679687 0.33680556 0.02890625 0.04027778
0 0.64765625 0.53125000 0.01250000 0.01250000
0 0.10468750 0.34375000 0.02187500 0.02916667
0 0.80429688 0.98680556 0.05859375 0.02638889
0 0.94062500 0.77708333 0.02812500 0.04027778
0 0.90117187 0.22916667 0.03984375 0.07777778
0 0.03945312 0.68263889 0.03046875 0.04861111
0 0.36484375 0.28263889 0.03125000 0.03750000
0 0.16679688 0.28263889 0.03046875 0.05138889
0 0.13671875 0.27500000 0.02968750 0.05277778
0 0.58476562 0.77361111 0.02265625 0.04444444
0 0.31914063 0.51111111 0.03359375 0.06666667
0 0.01289063 0.49583333 0.02265625 0.03611111
0 0.31992188 0.61597222 0.03046875 0.06250000
0 0.87031250 0.28194444 0.03593750 0.05833333
0 0.19531250 0.96527778 0.02343750 0.06111111
0 0.06054688 0.13611111 0.01484375 0.02222222
0 0.05273438 0.11250000 0.01640625 0.02500000
0 0.00625000 0.24652778 0.01250000 0.01527778
0 0.03242188 0.49166667 0.01796875 0.04444444
0 0.07890625 0.16111111 0.01562500 0.02222222
0 0.06640625 0.16319444 0.00781250 0.01527778
0 0.60937500 0.72222222 0.05156250 0.10277778
0 0.92812500 0.73333333 0.05625000 0.08055556
0 0.93398437 0.68402778 0.05078125 0.04027778
0 0.87890625 0.68750000 0.05781250 0.04722222
0 0.13085938 0.50972222 0.03828125 0.03333333
0 0.33789062 0.24513889 0.03828125 0.07638889
0 0.26210937 0.94027778 0.03984375 0.08055556
0 0.78320312 0.75555556 0.01796875 0.02500000
0 0.52851563 0.33194444 0.05078125 0.08611111
0 0.55976563 0.34930556 0.04765625 0.07916667
0 0.57539063 0.27569444 0.06484375 0.10972222