0 0.97460938 0.40902778 0.03671875 0.04583333
0 0.77031250 0.54652778 0.04843750 0.09027778
0 0.71289062 0.33541667 0.03828125 0.06527778
0 0.75117188 0.29791667 0.04921875 0.08194444
0 0.60156250 0.83402778 0.03437500 0.05138889
2 0.26562500 0.74791667 0.00781250 0.01250000
4 0.20585938 0.82083333 0.01015625 0.01388889
0 0.59843750 0.79722222 0.01875000 0.01944444
0 0.40937500 0.85069444 0.01093750 0.01805556
0 0.01015625 0.89513889 0.02031250 0.05694444
0 0.72968750 0.04305556 0.03125000 0.05277778
0 0.66328125 0.19791667 0.01875000 0.02916667
0 0.60507813 0.40833333 0.03046875 0.04444444
0 0.49375000 0.38611111 0.00937500 0.01666667
0 0.47851562 0.38055556 0.01015625 0.01388889
0 0.80859375 0.57083333 0.02656250 0.03333333
0 0.56757813 0.84097222 0.02109375 0.04861111
0 0.13164063 0.05208333 0.01796875 0.02916667
0 0.57109375 0.86458333 0.02187500 0.03472222
0 0.64726562 0.21666667 0.02890625 0.03888889
0 0.03359375 0.25694444 0.03281250 0.06388889
0 0.17265625 0.29375000 0.02031250 0.03194444
0 0.19804688 0.34652778 0.01015625 0.02083333
0 0.62304688 0.21319444 0.02109375 0.05138889
0 0.99375000 0.06111111 0.01250000 0.07222222
0 0.77148438 0.05555556 0.03515625 0.05555556
0 0.61953125 0.41319444 0.01250000 0.03750000
0 0.41914063 0.87916667 0.01484375 0.02777778
0 0.00976562 0.75694444 0.01953125 0.05833333
0 0.98671875 0.85625000 0.02656250 0.11805556
0 0.50117188 0.37152778 0.01015625 0.01805556
0 0.82421875 0.65069444 0.04375000 0.03750000
0 0.10742188 0.02916667 0.02734375 0.03888889
0 0.79257812 0.23194444 0.01015625 0.02777778
0 0.69531250 0.35347222 0.03125000 0.06250000
0 0.92070312 0.45277778 0.05390625 0.06388889
0 0.74804688 0.01597222 0.02890625 0.03194444
0 0.58593750 0.43125000 0.02031250 0.04305556
0 0.59960938 0.80486111 0.02109375 0.02361111
0 0.55781250 0.27291667 0.00937500 0.01805556
0 0.90195313 0.14305556 0.01640625 0.02222222
0 0.56523437 0.26180556 0.01015625 0.01805556
0 0.47226563 0.38888889 0.00859375 0.01388889
0 0.16367187 0.27083333 0.02265625 0.04166667
0 0.78984375 0.62291667 0.04687500 0.05972222