0 0.65976563 0.01597222 0.05390625 0.03194444
0 0.35468750 0.06388889 0.02187500 0.05555556
0 0.65234375 0.45208333 0.04375000 0.07083333
0 0.55195313 0.44791667 0.01015625 0.02083333
0 0.21484375 0.24791667 0.01718750 0.02916667
0 0.17226562 0.90347222 0.02890625 0.05416667
0 0.47617188 0.83819444 0.01796875 0.02916667
0 0.45976562 0.82777778 0.01640625 0.02777778
0 0.46875000 0.79930556 0.00937500 0.02638889
0 0.35820313 0.05833333 0.01953125 0.05000000
0 0.05000000 0.52083333 0.01406250 0.03333333
0 0.31171875 0.53333333 0.02500000 0.02500000
0 0.06523437 0.37083333 0.01953125 0.01944444
0 0.25390625 0.19097222 0.03281250 0.06527778
0 0.14414062 0.43680556 0.03984375 0.06527778
0 0.31718750 0.81736111 0.05468750 0.07638889
0 0.03750000 0.37569444 0.01718750 0.02361111
0 0.14179687 0.49791667 0.03984375 0.05416667
0 0.47968750 0.94652778 0.01562500 0.03194444
0 0.32460937 0.03125000 0.01796875 0.06250000
0 0.50703125 0.09861111 0.03437500 0.06388889
0 0.01484375 0.18611111 0.01093750 0.03055556
0 0.34335938 0.46597222 0.03046875 0.05138889
0 0.28398438 0.80486111 0.02734375 0.08194444
0 0.47382813 0.93472222 0.01484375 0.02777778
0 0.49375000 0.11458333 0.02031250 0.05416667
0 0.81601563 0.61111111 0.02421875 0.06111111
0 0.03281250 0.06111111 0.02031250 0.02777778
0 0.08164062 0.35833333 0.03046875 0.03055556
0 0.55703125 0.43819444 0.01250000 0.02083333
0 0.02031250 0.08263889 0.01718750 0.02361111
0 0.29960938 0.86875000 0.04296875 0.07361111
0 0.00546875 0.07430556 0.01093750 0.02083333
0 0.35156250 0.01319444 0.02187500 0.02638889
0 0.27031250 0.23194444 0.04375000 0.06111111
0 0.68867188 0.06597222 0.05390625 0.08472222
0 0.31953125 0.19513889 0.03125000 0.07638889
5 0.46601563 0.90833333 0.01640625 0.03611111
0 0.29414063 0.51944444 0.03984375 0.05833333
0 0.11562500 0.47083333 0.02656250 0.05833333
0 0.71796875 0.01875000 0.04062500 0.03750000
0 0.72187500 0.37916667 0.06250000 0.08333333
0 0.51406250 0.15347222 0.02968750 0.04861111
0 0.64570313 0.33263889 0.06484375 0.06527778
0 0.28906250 0.19236111 0.04062500 0.07916667
0 0.22382812 0.19444444 0.02421875 0.05555556
0 0.62929688 0.88888889 0.06796875 0.09166667