0 0.71367187 0.35208333 0.04140625 0.06805556
0 0.47500000 0.56111111 0.01250000 0.01944444
0 0.20429687 0.51388889 0.01640625 0.02777778
0 0.01093750 0.27916667 0.02187500 0.05000000
0 0.70312500 0.13680556 0.02812500 0.04861111
0 0.60351562 0.28263889 0.00859375 0.01805556
0 0.00273437 0.80416667 0.00546875 0.03888889
0 0.62109375 0.74097222 0.03125000 0.05416667
0 0.09257813 0.42638889 0.02421875 0.03611111
0 0.58906250 0.60694444 0.02812500 0.05000000
0 0.60820312 0.57638889 0.02890625 0.05555556
0 0.21875000 0.48055556 0.01093750 0.01666667
0 0.06562500 0.55486111 0.02812500 0.03750000
0 0.03281250 0.35972222 0.03125000 0.05277778
0 0.71718750 0.15347222 0.02812500 0.05138889
0 0.04882812 0.56736111 0.01328125 0.03194444
0 0.64648438 0.52291667 0.01796875 0.04305556
0 0.06562500 0.69444444 0.02187500 0.03611111
0 0.09375000 0.31875000 0.01562500 0.02083333
0 0.08554687 0.31805556 0.01171875 0.02500000
0 0.10117187 0.70486111 0.01796875 0.03194444
0 0.15820312 0.55763889 0.01015625 0.02361111
0 0.12265625 0.44652778 0.01250000 0.02361111
0 0.15468750 0.42916667 0.01562500 0.02500000
0 0.68398437 0.55208333 0.02265625 0.04583333
0 0.94492188 0.61388889 0.01640625 0.02500000
0 0.44453125 0.86666667 0.01093750 0.01944444
0 0.98281250 0.89444444 0.01406250 0.04444444
0 0.38750000 0.70069444 0.00781250 0.01527778
0 0.10820312 0.45138889 0.01796875 0.02777778
0 0.73085937 0.73472222 0.02734375 0.02777778
0 0.61796875 0.44861111 0.01562500 0.02777778
0 0.66992188 0.52638889 0.03515625 0.05555556
0 0.59375000 0.97083333 0.01875000 0.04444444
0 0.68789062 0.39305556 0.03828125 0.06111111
5 0.61718750 0.95000000 0.01406250 0.02222222
4 0.68671875 0.83888889 0.03437500 0.05555556
0 0.45429688 0.96041667 0.01640625 0.02916667
0 0.90039062 0.68055556 0.01171875 0.02500000
0 0.70195312 0.50416667 0.04296875 0.06388889
0 0.65820312 0.40833333 0.02734375 0.05277778
0 0.51328125 0.71319444 0.02343750 0.03194444
1 0.45625000 0.85625000 0.01562500 0.02638889
0 0.89414063 0.82222222 0.02734375 0.04444444
0 0.11093750 0.43055556 0.01718750 0.01944444
0 0.94296875 0.14305556 0.04375000 0.07500000
0 0.61093750 0.26736111 0.01718750 0.02361111
0 0.49453125 0.72430556 0.01562500 0.03750000
0 0.18906250 0.57222222 0.01406250 0.02222222
0 0.17304687 0.33402778 0.01015625 0.01805556
0 0.07656250 0.65902778 0.01250000 0.02361111
0 0.53984375 0.61250000 0.00937500 0.01944444
0 0.52460938 0.60138889 0.01484375 0.01944444
0 0.73906250 0.14097222 0.02656250 0.05138889
0 0.08164062 0.70763889 0.02421875 0.03750000
0 0.00390625 0.32638889 0.00781250 0.04444444
0 0.58867187 0.57361111 0.01640625 0.02777778