0 0.35195312 0.61111111 0.02890625 0.04444444
0 0.82265625 0.88541667 0.02656250 0.04027778
1 0.14296875 0.84027778 0.02500000 0.06388889
0 0.37343750 0.65972222 0.01718750 0.02777778
0 0.80625000 0.98541667 0.01562500 0.02916667
0 0.79570312 0.86736111 0.01640625 0.02916667
0 0.80039063 0.88611111 0.01953125 0.03611111
0 0.46093750 0.58472222 0.01093750 0.02777778
0 0.11953125 0.66736111 0.02968750 0.06527778
0 0.02304688 0.88125000 0.02421875 0.04027778
0 0.31132813 0.79513889 0.03671875 0.03750000
0 0.16523437 0.48680556 0.03203125 0.05694444
0 0.55078125 0.90138889 0.03593750 0.05277778
0 0.68359375 0.87916667 0.01718750 0.02777778
0 0.82617188 0.78125000 0.01484375 0.02638889
0 0.51679688 0.86805556 0.03515625 0.04722222
0 0.35195312 0.65972222 0.01328125 0.03333333
0 0.19335938 0.50972222 0.02890625 0.03333333
0 0.51679688 0.90416667 0.03046875 0.05277778
0 0.55703125 0.86736111 0.03750000 0.05138889
0 0.15312500 0.66111111 0.02343750 0.04444444
0 0.38398438 0.63541667 0.02265625 0.03472222
0 0.84023437 0.77500000 0.01953125 0.03333333
0 0.09921875 0.72361111 0.02968750 0.03611111
0 0.02968750 0.35000000 0.01093750 0.01666667
0 0.01328125 0.35069444 0.00937500 0.01250000
0 0.81289062 0.65625000 0.00859375 0.01250000
0 0.38359375 0.59375000 0.03125000 0.05138889
0 0.53632813 0.65347222 0.02578125 0.03750000
0 0.07773437 0.67083333 0.02734375 0.06111111
1 0.09375000 0.84722222 0.02812500 0.07777778