0 0.59101563 0.28055556 0.01796875 0.02777778
0 0.05546875 0.72986111 0.01875000 0.04305556
0 0.53515625 0.48680556 0.01406250 0.03194444
0 0.55898438 0.87708333 0.02109375 0.04861111
0 0.11015625 0.07013889 0.02031250 0.03194444
0 0.59062500 0.43888889 0.01562500 0.04722222
0 0.57539063 0.84583333 0.02265625 0.05277778
0 0.45273438 0.57847222 0.00859375 0.01805556
0 0.72031250 0.18263889 0.02968750 0.05694444
0 0.13632812 0.79166667 0.01640625 0.02777778
0 0.20507812 0.31666667 0.00859375 0.01666667
0 0.20429687 0.22430556 0.00859375 0.01250000
0 0.15937500 0.14513889 0.01093750 0.01805556
0 0.16914062 0.13750000 0.01328125 0.01944444
0 0.76132812 0.58472222 0.02890625 0.05555556
0 0.42187500 0.71597222 0.00781250 0.01527778
0 0.63593750 0.13263889 0.01718750 0.02361111
0 0.60625000 0.26250000 0.02187500 0.03333333
2 0.01718750 0.73194444 0.03437500 0.05833333
2 0.21562500 0.93611111 0.01562500 0.02222222
0 0.61679687 0.13194444 0.01328125 0.01944444
0 0.80273438 0.40833333 0.04140625 0.06944444
0 0.11250000 0.26250000 0.01562500 0.02500000
0 0.19335938 0.32291667 0.01171875 0.02361111
0 0.10234375 0.27986111 0.02187500 0.03194444
0 0.00625000 0.68958333 0.01250000 0.03194444
0 0.07929688 0.27569444 0.03671875 0.05138889
0 0.74960937 0.13541667 0.04140625 0.07361111
0 0.44179687 0.78125000 0.01328125 0.02083333
0 0.52421875 0.49166667 0.01406250 0.02777778
0 0.57851563 0.28055556 0.01015625 0.01666667