0 0.01015625 0.22638889 0.02031250 0.04166667
0 0.44960937 0.31041667 0.03203125 0.06805556
2 0.39882812 0.83055556 0.02890625 0.04444444
0 0.62851563 0.46875000 0.06953125 0.09027778
0 0.27304688 0.84930556 0.03046875 0.04583333
0 0.13867188 0.21875000 0.01015625 0.03750000
0 0.41914062 0.23611111 0.05078125 0.09166667
0 0.09882812 0.00763889 0.01640625 0.01527778
0 0.24062500 0.85000000 0.03437500 0.03333333
0 0.10898437 0.21388889 0.02421875 0.04722222
0 0.38632813 0.45069444 0.05390625 0.12083333
0 0.27812500 0.50555556 0.02500000 0.03888889
0 0.66914063 0.12500000 0.10078125 0.08888889
0 0.77539062 0.09166667 0.04921875 0.09166667
0 0.10039062 0.26527778 0.02109375 0.03888889
0 0.03476562 0.79305556 0.02578125 0.05833333
0 0.37578125 0.21666667 0.01562500 0.04722222
0 0.03046875 0.44861111 0.02812500 0.03611111
0 0.06054688 0.75277778 0.03828125 0.08333333
0 0.11875000 0.01388889 0.02656250 0.02777778
0 0.14062500 0.00902778 0.02343750 0.01805556