0 0.43750000 0.80694444 0.01093750 0.01944444
0 0.10312500 0.45625000 0.02187500 0.04027778
0 0.67656250 0.40694444 0.02656250 0.03888889
0 0.67773438 0.20277778 0.01328125 0.02777778
2 0.44960937 0.79652778 0.01640625 0.03194444
0 0.81093750 0.51527778 0.03437500 0.05277778
0 0.79492188 0.56180556 0.02421875 0.03750000
0 0.10625000 0.33888889 0.02031250 0.02777778
0 0.60468750 0.40000000 0.01093750 0.01944444
0 0.69804687 0.57708333 0.02421875 0.03750000
0 0.07031250 0.58402778 0.02968750 0.04861111
0 0.11484375 0.48680556 0.01875000 0.03194444
0 0.59218750 0.38819444 0.01093750 0.02083333
0 0.87617188 0.17291667 0.02578125 0.03194444
0 0.66289062 0.43402778 0.01953125 0.02361111
0 0.65390625 0.39861111 0.02656250 0.04166667
0 0.66601562 0.20138889 0.01015625 0.01944444
0 0.77500000 0.76527778 0.01250000 0.01666667
0 0.54375000 0.67013889 0.02187500 0.04027778
0 0.54648438 0.61250000 0.01484375 0.01944444
0 0.65000000 0.24791667 0.01562500 0.02916667
0 0.52734375 0.67013889 0.01562500 0.03194444
0 0.55625000 0.65486111 0.03125000 0.04861111
0 0.83242187 0.49722222 0.03203125 0.05833333
0 0.43281250 0.90486111 0.01406250 0.02083333