0 0.25234375 0.12569444 0.02656250 0.04861111
0 0.23984375 0.27152778 0.02968750 0.06250000
0 0.77226562 0.32569444 0.01171875 0.01805556
0 0.03398437 0.55555556 0.01328125 0.03611111
0 0.45507812 0.78472222 0.01953125 0.05277778
0 0.26718750 0.49444444 0.03750000 0.04722222
0 0.85078125 0.67569444 0.05312500 0.09305556
0 0.56679687 0.63333333 0.01640625 0.03055556
0 0.60078125 0.58680556 0.02968750 0.06805556
0 0.14023437 0.85833333 0.01953125 0.04166667
0 0.47109375 0.47916667 0.02500000 0.03055556
0 0.05390625 0.41875000 0.02656250 0.02361111
0 0.42851562 0.77291667 0.00703125 0.01527778
0 0.08359375 0.51180556 0.02812500 0.04583333
0 0.20234375 0.30833333 0.04218750 0.04444444
0 0.00781250 0.14444444 0.01562500 0.02777778
0 0.71250000 0.03472222 0.03750000 0.04722222
0 0.24570313 0.76805556 0.04140625 0.06388889
0 0.04257812 0.42847222 0.02109375 0.02638889
0 0.68164062 0.05069444 0.02578125 0.05972222
0 0.23046875 0.81458333 0.02812500 0.05972222
0 0.78203125 0.32361111 0.01093750 0.01111111
0 0.01953125 0.43402778 0.02031250 0.02638889
0 0.27304688 0.08750000 0.02890625 0.04444444
0 0.42187500 0.79652778 0.01406250 0.02916667
0 0.22265625 0.53750000 0.02500000 0.03888889
0 0.21406250 0.27638889 0.03281250 0.06111111
0 0.18554688 0.27569444 0.02578125 0.05138889
0 0.21250000 0.24583333 0.02500000 0.01944444
0 0.87109375 0.12361111 0.03906250 0.07777778
0 0.50273437 0.16458333 0.02578125 0.06527778
0 0.40898437 0.16944444 0.02421875 0.06111111
0 0.86562500 0.75625000 0.03593750 0.04861111
0 0.41835937 0.21944444 0.03046875 0.05277778
0 0.46445313 0.37569444 0.04296875 0.07638889
0 0.17226563 0.26388889 0.01953125 0.04722222
0 0.00312500 0.16041667 0.00625000 0.02916667
0 0.10703125 0.48194444 0.03906250 0.06111111
0 0.43867187 0.78472222 0.01015625 0.03888889
0 0.52421875 0.42430556 0.03906250 0.07638889
0 0.53359375 0.08055556 0.02656250 0.03611111
0 0.10585938 0.52847222 0.02734375 0.04027778
0 0.82304687 0.61041667 0.05390625 0.10416667
0 0.95429688 0.28333333 0.06640625 0.06944444
0 0.91250000 0.12569444 0.05156250 0.07361111
0 0.21796875 0.77083333 0.01718750 0.05277778