0 0.44960937 0.68194444 0.02265625 0.04166667
0 0.13359375 0.17916667 0.04218750 0.06388889
0 0.87968750 0.12083333 0.10156250 0.16944444
0 0.95546875 0.18055556 0.08906250 0.20555556
0 0.94140625 0.31597222 0.10156250 0.15416667
0 0.85234375 0.25694444 0.08437500 0.14722222
0 0.81875000 0.31597222 0.04375000 0.08750000
0 0.32968750 0.47777778 0.04062500 0.03611111
0 0.61914062 0.09166667 0.05390625 0.07500000
0 0.16289063 0.14652778 0.03515625 0.07083333
0 0.32226562 0.02361111 0.04765625 0.04722222
0 0.24414062 0.02013889 0.02578125 0.04027778
0 0.27734375 0.02361111 0.04531250 0.04722222
0 0.10937500 0.65416667 0.02968750 0.06944444
0 0.77148438 0.57291667 0.06796875 0.12083333
0 0.58710938 0.15000000 0.04609375 0.07222222
0 0.55585938 0.10833333 0.03984375 0.06111111
0 0.29375000 0.05625000 0.02031250 0.05972222
0 0.19023438 0.01041667 0.02109375 0.02083333
0 0.97382813 0.59861111 0.01328125 0.03055556
4 0.95234375 0.70833333 0.09531250 0.18888889
0 0.71523437 0.61319444 0.05859375 0.10416667
0 0.16406250 0.20555556 0.02812500 0.05555556
0 0.97421875 0.05555556 0.02968750 0.05555556
0 0.34101562 0.40902778 0.03671875 0.03750000
0 0.51914062 0.39097222 0.04921875 0.05694444
0 0.40156250 0.73472222 0.02343750 0.06111111
0 0.05273438 0.90833333 0.04296875 0.03611111
2 0.98046875 0.67638889 0.03906250 0.19722222
0 0.94335938 0.56319444 0.02421875 0.02083333
0 0.21054688 0.77708333 0.06484375 0.09027778
0 0.43476563 0.72847222 0.04765625 0.08194444
0 0.13476562 0.14027778 0.02421875 0.01666667
0 0.17226563 0.35208333 0.04609375 0.07638889
3 0.26914063 0.40555556 0.04921875 0.09166667
0 0.55507812 0.44722222 0.02265625 0.05833333
0 0.78750000 0.29583333 0.04843750 0.10277778
0 0.20664063 0.37847222 0.03359375 0.05694444