0 0.38085938 0.01250000 0.03203125 0.02500000
0 0.06835938 0.36041667 0.03515625 0.05138889
0 0.36015625 0.74791667 0.05468750 0.05694444
0 0.86914062 0.61319444 0.06328125 0.10138889
0 0.36953125 0.44652778 0.04218750 0.05694444
0 0.67382812 0.08472222 0.04140625 0.07500000
3 0.40390625 0.39861111 0.05156250 0.08611111
0 0.93281250 0.57847222 0.07343750 0.11805556
0 0.33906250 0.45000000 0.02812500 0.06111111
0 0.84765625 0.57708333 0.03593750 0.07083333
0 0.03906250 0.36597222 0.02656250 0.04583333
0 0.23632812 0.11805556 0.02734375 0.03055556
0 0.56914062 0.66875000 0.03046875 0.05138889
5 0.25703125 0.58819444 0.01250000 0.02083333
0 0.09257813 0.21527778 0.01640625 0.03333333
0 0.45429687 0.01805556 0.04296875 0.03611111
0 0.41367188 0.01250000 0.04453125 0.02500000
0 0.26796875 0.18055556 0.02187500 0.04444444
0 0.24062500 0.15069444 0.04062500 0.05972222
0 0.73828125 0.09305556 0.04687500 0.05833333
0 0.70468750 0.13819444 0.04687500 0.07916667
0 0.86093750 0.22361111 0.01250000 0.02777778
0 0.98203125 0.32361111 0.03593750 0.09444444
0 0.69296875 0.45138889 0.03437500 0.08333333
0 0.55312500 0.70972222 0.04687500 0.07777778
0 0.18476562 0.88472222 0.04296875 0.03888889
0 0.31367188 0.35833333 0.03203125 0.05833333
0 0.26953125 0.12152778 0.03750000 0.07083333
0 0.23710938 0.57916667 0.01328125 0.02777778
0 0.22695313 0.58819444 0.01640625 0.02916667
0 0.02109375 0.89236111 0.01250000 0.03750000
0 0.22343750 0.63402778 0.03281250 0.06805556
0 0.63671875 0.38541667 0.02656250 0.06527778
0 0.28164062 0.33055556 0.04453125 0.07777778
0 0.84804688 0.23125000 0.01796875 0.03194444