0 0.47890625 0.24166667 0.05312500 0.06388889
0 0.13046875 0.09375000 0.02656250 0.03472222
0 0.48554688 0.46944444 0.02265625 0.01944444
0 0.48632812 0.43194444 0.01640625 0.01944444
0 0.90000000 0.58402778 0.02187500 0.03194444
0 0.91757812 0.58472222 0.01796875 0.03055556
0 0.09609375 0.27152778 0.03906250 0.05972222
0 0.88750000 0.56805556 0.01875000 0.02222222
0 0.32421875 0.04652778 0.01562500 0.03472222
0 0.95898438 0.64652778 0.08203125 0.15972222
0 0.96250000 0.23819444 0.06562500 0.12638889
0 0.90859375 0.23402778 0.07968750 0.12916667
0 0.05703125 0.20763889 0.02187500 0.02916667
0 0.03906250 0.24930556 0.00937500 0.03472222
0 0.95546875 0.14513889 0.08906250 0.11527778
0 0.69453125 0.82152778 0.02812500 0.03750000
0 0.85429687 0.16875000 0.07109375 0.11527778
0 0.29804687 0.00763889 0.01171875 0.01527778
0 0.15976562 0.11041667 0.01953125 0.02083333
0 0.13203125 0.11597222 0.01875000 0.02361111
0 0.15234375 0.12708333 0.02187500 0.02916667
0 0.40585938 0.01666667 0.03671875 0.03333333
0 0.04257812 0.08333333 0.01328125 0.02500000
0 0.07421875 0.07291667 0.02343750 0.03472222
0 0.05781250 0.08611111 0.02187500 0.03055556
0 0.26992187 0.48125000 0.03515625 0.05138889
0 0.70000000 0.24861111 0.02187500 0.03611111
0 0.51796875 0.24027778 0.02500000 0.03333333
0 0.22890625 0.71111111 0.04375000 0.06944444
0 0.26367188 0.68333333 0.03359375 0.05555556
0 0.20312500 0.69652778 0.03593750 0.07083333
0 0.07304687 0.29027778 0.02109375 0.03055556
0 0.35117188 0.65902778 0.02734375 0.09027778
0 0.37851563 0.65555556 0.05546875 0.09722222
2 0.42070312 0.59027778 0.06171875 0.10833333
0 0.85507812 0.25069444 0.06015625 0.12361111
0 0.63281250 0.56180556 0.02031250 0.02916667
0 0.60664063 0.55625000 0.03515625 0.05416667